PU Histórico - Gerado em 07/10/2018 00:59:10

Data do PU	Ativo	Valor Nominal	Juros	Prêmio	Preço Unitário	Critério de Cálculo	Situação	
05/10/2018	CIMA11	270.833,225000	9.656,268845	-	280.489,493845	Padrão - SND	Reg.	
04/10/2018	CIMA11	270.833,225000	9.567,627839	-	280.400,852839	Padrão - SND	Reg.	
03/10/2018	CIMA11	270.833,225000	9.479,016625	-	280.312,241625	Padrão - SND	Reg.	
02/10/2018	CIMA11	270.833,225000	9.390,432493	-	280.223,657493	Padrão - SND	Reg.	
01/10/2018	CIMA11	270.833,225000	9.301,875445	-	280.135,100445	Padrão - SND	Reg.	
28/09/2018	CIMA11	270.833,225000	9.213,480897	-	280.046,705897	Padrão - SND	Reg.	
27/09/2018	CIMA11	270.833,225000	9.125,113433	-	279.958,338433	Padrão - SND	Reg.	
26/09/2018	CIMA11	270.833,225000	9.036,773051	-	279.869,998051	Padrão - SND	Reg.	
25/09/2018	CIMA11	270.833,225000	8.948,459753	-	279.781,684753	Padrão - SND	Reg.	
24/09/2018	CIMA11	270.833,225000	8.860,176247	-	279.693,401247	Padrão - SND	Reg.	
21/09/2018	CIMA11	270.833,225000	8.771,919824	-	279.605,144824	Padrão - SND	Reg.	
20/09/2018	CIMA11	270.833,225000	8.683,693193	-	279.516,918193	Padrão - SND	Reg.	
19/09/2018	CIMA11	270.833,225000	8.595,490936	-	279.428,715936	Padrão - SND	Reg.	
18/09/2018	CIMA11	270.833,225000	8.507,318472	-	279.340,543472	Padrão - SND	Reg.	
17/09/2018	CIMA11	270.833,225000	8.419,173090	-	279.252,398090	Padrão - SND	Reg.	
14/09/2018	CIMA11	270.833,225000	8.331,057500	-	279.164,282500	Padrão - SND	Reg.	
13/09/2018	CIMA11	270.833,225000	8.242,968994	-	279.076,193994	Padrão - SND	Reg.	
12/09/2018	CIMA11	270.833,225000	8.154,907571	-	278.988,132571	Padrão - SND	Reg.	
11/09/2018	CIMA11	270.833,225000	8.066,873231	-	278.900,098231	Padrão - SND	Reg.	
10/09/2018	CIMA11	270.833,225000	7.978,865975	-	278.812,090975	Padrão - SND	Reg.	
06/09/2018	CIMA11	270.833,225000	7.890,888510	-	278.724,113510	Padrão - SND	Reg.	
05/09/2018	CIMA11	270.833,225000	7.802,938128	-	278.636,163128	Padrão - SND	Reg.	
04/09/2018	CIMA11	270.833,225000	7.715,014830	-	278.548,239830	Padrão - SND	Reg.	
03/09/2018	CIMA11	270.833,225000	7.627,121324	-	278.460,346324	Padrão - SND	Reg.	
31/08/2018	CIMA11	270.833,225000	7.539,254900	-	278.372,479900	Padrão - SND	Reg.	
30/08/2018	CIMA11	270.833,225000	7.451,415561	-	278.284,640561	Padrão - SND	Reg.	
29/08/2018	CIMA11	270.833,225000	7.363,603304	-	278.196,828304	Padrão - SND	Reg.	
28/08/2018	CIMA11	270.833,225000	7.275,818131	-	278.109,043131	Padrão - SND	Reg.	
27/08/2018	CIMA11	270.833,225000	7.188,062749	-	278.021,287749	Padrão - SND	Reg.	
24/08/2018	CIMA11	270.833,225000	7.100,334451	-	277.933,559451	Padrão - SND	Reg.	
23/08/2018	CIMA11	270.833,225000	7.012,633236	-	277.845,858236	Padrão - SND	Reg.	
22/08/2018	CIMA11	270.833,225000	6.924,959105	-	277.758,184105	Padrão - SND	Reg.	
21/08/2018	CIMA11	270.833,225000	6.837,314765	-	277.670,539765	Padrão - SND	Reg.	
20/08/2018	CIMA11	270.833,225000	6.749,697508	-	277.582,922508	Padrão - SND	Reg.	
17/08/2018	CIMA11	270.833,225000	6.662,107335	-	277.495,332335	Padrão - SND	Reg.	
16/08/2018	CIMA11	270.833,225000	6.574,544245	-	277.407,769245	Padrão - SND	Reg.	
15/08/2018	CIMA11	270.833,225000	6.487,008238	-	277.320,233238	Padrão - SND	Reg.	
14/08/2018	CIMA11	270.833,225000	6.399,502023	-	277.232,727023	Padrão - SND	Reg.	
13/08/2018	CIMA11	270.833,225000	6.312,022891	-	277.145,247891	Padrão - SND	Reg.	
10/08/2018	CIMA11	270.833,225000	6.224,570843	-	277.057,795843	Padrão - SND	Reg.	
09/08/2018	CIMA11	270.833,225000	6.137,145878	-	276.970,370878	Padrão - SND	Reg.	
08/08/2018	CIMA11	270.833,225000	6.049,747996	-	276.882,972996	Padrão - SND	Reg.	
07/08/2018	CIMA11	270.833,225000	5.962,379906	-	276.795,604906	Padrão - SND	Reg.	
06/08/2018	CIMA11	270.833,225000	5.875,038899	-	276.708,263899	Padrão - SND	Reg.	
03/08/2018	CIMA11	270.833,225000	5.787,722268	-	276.620,947268	Padrão - SND	Reg.	
02/08/2018	CIMA11	270.833,225000	5.700,435428	-	276.533,660428	Padrão - SND	Reg.	
01/08/2018	CIMA11	270.833,225000	5.613,178379	-	276.446,403379	Padrão - SND	Reg.	
31/07/2018	CIMA11	270.833,225000	5.525,945706	-	276.359,170706	Padrão - SND	Reg.	
30/07/2018	CIMA11	270.833,225000	5.438,742824	-	276.271,967824	Padrão - SND	Reg.	
27/07/2018	CIMA11	270.833,225000	5.351,564317	-	276.184,789317	Padrão - SND	Reg.	
26/07/2018	CIMA11	270.833,225000	5.264,415602	-	276.097,640602	Padrão - SND	Reg.	
25/07/2018	CIMA11	270.833,225000	5.177,293970	-	276.010,518970	Padrão - SND	Reg.	
24/07/2018	CIMA11	270.833,225000	5.090,202130	-	275.923,427130	Padrão - SND	Reg.	
23/07/2018	CIMA11	270.833,225000	5.003,134665	-	275.836,359665	Padrão - SND	Reg.	
20/07/2018	CIMA11	270.833,225000	4.916,094283	-	275.749,319283	Padrão - SND	Reg.	
19/07/2018	CIMA11	270.833,225000	4.829,083693	-	275.662,308693	Padrão - SND	Reg.	
18/07/2018	CIMA11	270.833,225000	4.742,100186	-	275.575,325186	Padrão - SND	Reg.	
17/07/2018	CIMA11	270.833,225000	4.655,143762	-	275.488,368762	Padrão - SND	Reg.	
16/07/2018	CIMA11	270.833,225000	4.568,214422	-	275.401,439422	Padrão - SND	Reg.	
13/07/2018	CIMA11	270.833,225000	4.481,312165	-	275.314,537165	Padrão - SND	Reg.	
12/07/2018	CIMA11	270.833,225000	4.394,436992	-	275.227,661992	Padrão - SND	Reg.	
11/07/2018	CIMA11	270.833,225000	4.307,588901	-	275.140,813901	Padrão - SND	Reg.	
10/07/2018	CIMA11	270.833,225000	4.220,770603	-	275.053,995603	Padrão - SND	Reg.	
09/07/2018	CIMA11	270.833,225000	4.133,979388	-	274.967,204388	Padrão - SND	Reg.	
06/07/2018	CIMA11	270.833,225000	4.047,212547	-	274.880,437547	Padrão - SND	Reg.	
05/07/2018	CIMA11	270.833,225000	3.960,475499	-	274.793,700499	Padrão - SND	Reg.	
04/07/2018	CIMA11	270.833,225000	3.873,765533	-	274.706,990533	Padrão - SND	Reg.	
03/07/2018	CIMA11	270.833,225000	3.787,082651	-	274.620,307651	Padrão - SND	Reg.	
02/07/2018	CIMA11	270.833,225000	3.700,426853	-	274.533,651853	Padrão - SND	Reg.	
29/06/2018	CIMA11	270.833,225000	3.613,800846	-	274.447,025846	Padrão - SND	Reg.	
28/06/2018	CIMA11	270.833,225000	3.527,199214	-	274.360,424214	Padrão - SND	Reg.	
27/06/2018	CIMA11	270.833,225000	3.440,624665	-	274.273,849665	Padrão - SND	Reg.	
26/06/2018	CIMA11	270.833,225000	3.354,079908	-	274.187,304908	Padrão - SND	Reg.	
25/06/2018	CIMA11	270.833,225000	3.267,559526	-	274.100,784526	Padrão - SND	Reg.	
22/06/2018	CIMA11	270.833,225000	3.181,068935	-	274.014,293935	Padrão - SND	Reg.	
21/06/2018	CIMA11	270.833,225000	3.094,605428	-	273.927,830428	Padrão - SND	Reg.	
20/06/2018	CIMA11	270.833,225000	3.008,169005	-	273.841,394005	Padrão - SND	Reg.	
19/06/2018	CIMA11	270.833,225000	2.921,759664	-	273.754,984664	Padrão - SND	Reg.	
18/06/2018	CIMA11	270.833,225000	2.835,377407	-	273.668,602407	Padrão - SND	Reg.	
15/06/2018	CIMA11	270.833,225000	2.749,022233	-	273.582,247233	Padrão - SND	Reg.	
14/06/2018	CIMA11	270.833,225000	2.662,694143	-	273.495,919143	Padrão - SND	Reg.	
13/06/2018	CIMA11	270.833,225000	2.576,393136	-	273.409,618136	Padrão - SND	Reg.	
12/06/2018	CIMA11	270.833,225000	2.490,119212	-	273.323,344212	Padrão - SND	Reg.	
11/06/2018	CIMA11	270.833,225000	2.403,872371	-	273.237,097371	Padrão - SND	Reg.	
08/06/2018	CIMA11	270.833,225000	2.317,655322	-	273.150,880322	Padrão - SND	Reg.	
07/06/2018	CIMA11	270.833,225000	2.231,462649	-	273.064,687649	Padrão - SND	Reg.	
06/06/2018	CIMA11	270.833,225000	2.145,299766	-	272.978,524766	Padrão - SND	Reg.	
05/06/2018	CIMA11	270.833,225000	2.059,161259	-	272.892,386259	Padrão - SND	Reg.	
04/06/2018	CIMA11	270.833,225000	1.973,049835	-	272.806,274835	Padrão - SND	Reg.	
01/06/2018	CIMA11	270.833,225000	1.886,968203	-	272.720,193203	Padrão - SND	Reg.	
30/05/2018	CIMA11	270.833,225000	1.800,910946	-	272.634,135946	Padrão - SND	Reg.	
29/05/2018	CIMA11	270.833,225000	1.714,883480	-	272.548,108480	Padrão - SND	Reg.	
28/05/2018	CIMA11	270.833,225000	1.628,883098	-	272.462,108098	Padrão - SND	Reg.	
25/05/2018	CIMA11	270.833,225000	1.542,907091	-	272.376,132091	Padrão - SND	Reg.	
24/05/2018	CIMA11	270.833,225000	1.456,960875	-	272.290,185875	Padrão - SND	Reg.	
23/05/2018	CIMA11	270.833,225000	1.371,041743	-	272.204,266743	Padrão - SND	Reg.	
22/05/2018	CIMA11	270.833,225000	1.285,146985	-	272.118,371985	Padrão - SND	Reg.	
21/05/2018	CIMA11	270.833,225000	1.199,282020	-	272.032,507020	Padrão - SND	Reg.	
18/05/2018	CIMA11	270.833,225000	1.113,441429	-	271.946,666429	Padrão - SND	Reg.	
17/05/2018	CIMA11	270.833,225000	1.027,630630	-	271.860,855630	Padrão - SND	Reg.	
16/05/2018	CIMA11	270.833,225000	941,846914	-	271.775,071914	Padrão - SND	Reg.	
15/05/2018	CIMA11	270.833,225000	856,087574	-	271.689,312574	Padrão - SND	Reg.	
14/05/2018	CIMA11	270.833,225000	770,358025	-	271.603,583025	Padrão - SND	Reg.	
11/05/2018	CIMA11	270.833,225000	684,655559	-	271.517,880559	Padrão - SND	Reg.	
10/05/2018	CIMA11	270.833,225000	598,977468	-	271.432,202468	Padrão - SND	Reg.	
09/05/2018	CIMA11	270.833,225000	513,329169	-	271.346,554169	Padrão - SND	Reg.	
08/05/2018	CIMA11	270.833,225000	427,707953	-	271.260,932953	Padrão - SND	Reg.	
07/05/2018	CIMA11	270.833,225000	342,111113	-	271.175,336113	Padrão - SND	Reg.	
04/05/2018	CIMA11	270.833,225000	256,544064	-	271.089,769064	Padrão - SND	Reg.	
03/05/2018	CIMA11	270.833,225000	171,001389	-	271.004,226389	Padrão - SND	Reg.	
02/05/2018	CIMA11	270.833,225000	85,488507	-	270.918,713507	Padrão - SND	Reg.	
30/04/2018	CIMA11	270.833,225000	-  	-	270.833,225000	Padrão - SND	Reg.	
27/04/2018	CIMA11	270.833,225000	11.364,273162	-	282.197,498162	Padrão - SND	Reg.	
26/04/2018	CIMA11	270.833,225000	11.275,228614	-	282.108,453614	Padrão - SND	Reg.	
25/04/2018	CIMA11	270.833,225000	11.186,208442	-	282.019,433442	Padrão - SND	Reg.	
24/04/2018	CIMA11	270.833,225000	11.097,220769	-	281.930,445769	Padrão - SND	Reg.	
23/04/2018	CIMA11	270.833,225000	11.008,257471	-	281.841,482471	Padrão - SND	Reg.	
20/04/2018	CIMA11	270.833,225000	10.919,323965	-	281.752,548965	Padrão - SND	Reg.	
19/04/2018	CIMA11	270.833,225000	10.830,417542	-	281.663,642542	Padrão - SND	Reg.	
18/04/2018	CIMA11	270.833,225000	10.741,540911	-	281.574,765911	Padrão - SND	Reg.	
17/04/2018	CIMA11	270.833,225000	10.652,688655	-	281.485,913655	Padrão - SND	Reg.	
16/04/2018	CIMA11	270.833,225000	10.563,868899	-	281.397,093899	Padrão - SND	Reg.	
13/04/2018	CIMA11	270.833,225000	10.475,073518	-	281.308,298518	Padrão - SND	Reg.	
12/04/2018	CIMA11	270.833,225000	10.386,307928	-	281.219,532928	Padrão - SND	Reg.	
11/04/2018	CIMA11	270.833,225000	10.297,572130	-	281.130,797130	Padrão - SND	Reg.	
10/04/2018	CIMA11	270.833,225000	10.208,860708	-	281.042,085708	Padrão - SND	Reg.	
09/04/2018	CIMA11	270.833,225000	10.120,179076	-	280.953,404076	Padrão - SND	Reg.	
06/04/2018	CIMA11	270.833,225000	10.031,524529	-	280.864,749529	Padrão - SND	Reg.	
05/04/2018	CIMA11	270.833,225000	9.942,899772	-	280.776,124772	Padrão - SND	Reg.	
04/04/2018	CIMA11	270.833,225000	9.854,302099	-	280.687,527099	Padrão - SND	Reg.	
03/04/2018	CIMA11	270.833,225000	9.765,731510	-	280.598,956510	Padrão - SND	Reg.	
02/04/2018	CIMA11	270.833,225000	9.677,190712	-	280.510,415712	Padrão - SND	Reg.	
29/03/2018	CIMA11	270.833,225000	9.588,676997	-	280.421,901997	Padrão - SND	Reg.	
28/03/2018	CIMA11	270.833,225000	9.500,190366	-	280.333,415366	Padrão - SND	Reg.	
27/03/2018	CIMA11	270.833,225000	9.411,733526	-	280.244,958526	Padrão - SND	Reg.	
26/03/2018	CIMA11	270.833,225000	9.323,301062	-	280.156,526062	Padrão - SND	Reg.	
23/03/2018	CIMA11	270.833,225000	9.234,898389	-	280.068,123389	Padrão - SND	Reg.	
22/03/2018	CIMA11	270.833,225000	9.146,525508	-	279.979,750508	Padrão - SND	Reg.	
21/03/2018	CIMA11	270.833,225000	9.054,829503	-	279.888,054503	Padrão - SND	Reg.	
20/03/2018	CIMA11	270.833,225000	8.963,165998	-	279.796,390998	Padrão - SND	Reg.	
19/03/2018	CIMA11	270.833,225000	8.871,529576	-	279.704,754576	Padrão - SND	Reg.	
16/03/2018	CIMA11	270.833,225000	8.779,925654	-	279.613,150654	Padrão - SND	Reg.	
15/03/2018	CIMA11	270.833,225000	8.688,351524	-	279.521,576524	Padrão - SND	Reg.	
14/03/2018	CIMA11	270.833,225000	8.596,807186	-	279.430,032186	Padrão - SND	Reg.	
13/03/2018	CIMA11	270.833,225000	8.505,292639	-	279.338,517639	Padrão - SND	Reg.	
12/03/2018	CIMA11	270.833,225000	8.413,807884	-	279.247,032884	Padrão - SND	Reg.	
09/03/2018	CIMA11	270.833,225000	8.322,352921	-	279.155,577921	Padrão - SND	Reg.	
08/03/2018	CIMA11	270.833,225000	8.230,927749	-	279.064,152749	Padrão - SND	Reg.	
07/03/2018	CIMA11	270.833,225000	8.139,532369	-	278.972,757369	Padrão - SND	Reg.	
06/03/2018	CIMA11	270.833,225000	8.048,166780	-	278.881,391780	Padrão - SND	Reg.	
05/03/2018	CIMA11	270.833,225000	7.956,830983	-	278.790,055983	Padrão - SND	Reg.	
02/03/2018	CIMA11	270.833,225000	7.865,527687	-	278.698,752687	Padrão - SND	Reg.	
01/03/2018	CIMA11	270.833,225000	7.774,251473	-	278.607,476473	Padrão - SND	Reg.	
28/02/2018	CIMA11	270.833,225000	7.683,005051	-	278.516,230051	Padrão - SND	Reg.	
27/02/2018	CIMA11	270.833,225000	7.591,791129	-	278.425,016129	Padrão - SND	Reg.	
26/02/2018	CIMA11	270.833,225000	7.500,604291	-	278.333,829291	Padrão - SND	Reg.	
23/02/2018	CIMA11	270.833,225000	7.409,449952	-	278.242,674952	Padrão - SND	Reg.	
22/02/2018	CIMA11	270.833,225000	7.318,322697	-	278.151,547697	Padrão - SND	Reg.	
21/02/2018	CIMA11	270.833,225000	7.227,227942	-	278.060,452942	Padrão - SND	Reg.	
20/02/2018	CIMA11	270.833,225000	7.136,160270	-	277.969,385270	Padrão - SND	Reg.	
19/02/2018	CIMA11	270.833,225000	7.045,125098	-	277.878,350098	Padrão - SND	Reg.	
16/02/2018	CIMA11	270.833,225000	6.954,117010	-	277.787,342010	Padrão - SND	Reg.	
15/02/2018	CIMA11	270.833,225000	6.863,141421	-	277.696,366421	Padrão - SND	Reg.	
14/02/2018	CIMA11	270.833,225000	6.772,192916	-	277.605,417916	Padrão - SND	Reg.	
09/02/2018	CIMA11	270.833,225000	6.681,276910	-	277.514,501910	Padrão - SND	Reg.	
08/02/2018	CIMA11	270.833,225000	6.590,387988	-	277.423,612988	Padrão - SND	Reg.	
07/02/2018	CIMA11	270.833,225000	6.496,224693	-	277.329,449693	Padrão - SND	Reg.	
06/02/2018	CIMA11	270.833,225000	6.402,091189	-	277.235,316189	Padrão - SND	Reg.	
05/02/2018	CIMA11	270.833,225000	6.307,990185	-	277.141,215185	Padrão - SND	Reg.	
02/02/2018	CIMA11	270.833,225000	6.213,921681	-	277.047,146681	Padrão - SND	Reg.	
01/02/2018	CIMA11	270.833,225000	6.119,885677	-	276.953,110677	Padrão - SND	Reg.	
31/01/2018	CIMA11	270.833,225000	6.025,879464	-	276.859,104464	Padrão - SND	Reg.	
30/01/2018	CIMA11	270.833,225000	5.931,905752	-	276.765,130752	Padrão - SND	Reg.	
29/01/2018	CIMA11	270.833,225000	5.837,964539	-	276.671,189539	Padrão - SND	Reg.	
26/01/2018	CIMA11	270.833,225000	5.744,055827	-	276.577,280827	Padrão - SND	Reg.	
25/01/2018	CIMA11	270.833,225000	5.650,179614	-	276.483,404614	Padrão - SND	Reg.	
24/01/2018	CIMA11	270.833,225000	5.556,333194	-	276.389,558194	Padrão - SND	Reg.	
23/01/2018	CIMA11	270.833,225000	5.462,519273	-	276.295,744273	Padrão - SND	Reg.	
22/01/2018	CIMA11	270.833,225000	5.368,737852	-	276.201,962852	Padrão - SND	Reg.	
19/01/2018	CIMA11	270.833,225000	5.274,986223	-	276.108,211223	Padrão - SND	Reg.	
18/01/2018	CIMA11	270.833,225000	5.181,269802	-	276.014,494802	Padrão - SND	Reg.	
17/01/2018	CIMA11	270.833,225000	5.087,583173	-	275.920,808173	Padrão - SND	Reg.	
16/01/2018	CIMA11	270.833,225000	4.993,929044	-	275.827,154044	Padrão - SND	Reg.	
15/01/2018	CIMA11	270.833,225000	4.900,304706	-	275.733,529706	Padrão - SND	Reg.	
12/01/2018	CIMA11	270.833,225000	4.806,715577	-	275.639,940577	Padrão - SND	Reg.	
11/01/2018	CIMA11	270.833,225000	4.713,156239	-	275.546,381239	Padrão - SND	Reg.	
10/01/2018	CIMA11	270.833,225000	4.619,626693	-	275.452,851693	Padrão - SND	Reg.	
09/01/2018	CIMA11	270.833,225000	4.526,132356	-	275.359,357356	Padrão - SND	Reg.	
08/01/2018	CIMA11	270.833,225000	4.432,667810	-	275.265,892810	Padrão - SND	Reg.	
05/01/2018	CIMA11	270.833,225000	4.339,235764	-	275.172,460764	Padrão - SND	Reg.	
04/01/2018	CIMA11	270.833,225000	4.245,833509	-	275.079,058509	Padrão - SND	Reg.	
03/01/2018	CIMA11	270.833,225000	4.152,466464	-	274.985,691464	Padrão - SND	Reg.	
02/01/2018	CIMA11	270.833,225000	4.059,129209	-	274.892,354209	Padrão - SND	Reg.	
29/12/2017	CIMA11	270.833,225000	3.965,824455	-	274.799,049455	Padrão - SND	Reg.	
28/12/2017	CIMA11	270.833,225000	3.872,549492	-	274.705,774492	Padrão - SND	Reg.	
27/12/2017	CIMA11	270.833,225000	3.779,307029	-	274.612,532029	Padrão - SND	Reg.	
26/12/2017	CIMA11	270.833,225000	3.686,097067	-	274.519,322067	Padrão - SND	Reg.	
22/12/2017	CIMA11	270.833,225000	3.592,916896	-	274.426,141896	Padrão - SND	Reg.	
21/12/2017	CIMA11	270.833,225000	3.499,769225	-	274.332,994225	Padrão - SND	Reg.	
20/12/2017	CIMA11	270.833,225000	3.406,654054	-	274.239,879054	Padrão - SND	Reg.	
19/12/2017	CIMA11	270.833,225000	3.313,571382	-	274.146,796382	Padrão - SND	Reg.	
18/12/2017	CIMA11	270.833,225000	3.220,518503	-	274.053,743503	Padrão - SND	Reg.	
15/12/2017	CIMA11	270.833,225000	3.127,498124	-	273.960,723124	Padrão - SND	Reg.	
14/12/2017	CIMA11	270.833,225000	3.034,507536	-	273.867,732536	Padrão - SND	Reg.	
13/12/2017	CIMA11	270.833,225000	2.941,549448	-	273.774,774448	Padrão - SND	Reg.	
12/12/2017	CIMA11	270.833,225000	2.848,623860	-	273.681,848860	Padrão - SND	Reg.	
11/12/2017	CIMA11	270.833,225000	2.755,728064	-	273.588,953064	Padrão - SND	Reg.	
08/12/2017	CIMA11	270.833,225000	2.662,867476	-	273.496,092476	Padrão - SND	Reg.	
07/12/2017	CIMA11	270.833,225000	2.570,033971	-	273.403,258971	Padrão - SND	Reg.	
06/12/2017	CIMA11	270.833,225000	2.470,738386	-	273.303,963386	Padrão - SND	Reg.	
05/12/2017	CIMA11	270.833,225000	2.371,478009	-	273.204,703009	Padrão - SND	Reg.	
04/12/2017	CIMA11	270.833,225000	2.272,252841	-	273.105,477841	Padrão - SND	Reg.	
01/12/2017	CIMA11	270.833,225000	2.173,062880	-	273.006,287880	Padrão - SND	Reg.	
30/11/2017	CIMA11	270.833,225000	2.073,910837	-	272.907,135837	Padrão - SND	Reg.	
29/11/2017	CIMA11	270.833,225000	1.974,794001	-	272.808,019001	Padrão - SND	Reg.	
28/11/2017	CIMA11	270.833,225000	1.875,712374	-	272.708,937374	Padrão - SND	Reg.	
27/11/2017	CIMA11	270.833,225000	1.776,668664	-	272.609,893664	Padrão - SND	Reg.	
24/11/2017	CIMA11	270.833,225000	1.677,660162	-	272.510,885162	Padrão - SND	Reg.	
23/11/2017	CIMA11	270.833,225000	1.578,686868	-	272.411,911868	Padrão - SND	Reg.	
22/11/2017	CIMA11	270.833,225000	1.479,748783	-	272.312,973783	Padrão - SND	Reg.	
21/11/2017	CIMA11	270.833,225000	1.380,848614	-	272.214,073614	Padrão - SND	Reg.	
20/11/2017	CIMA11	270.833,225000	1.281,983653	-	272.115,208653	Padrão - SND	Reg.	
17/11/2017	CIMA11	270.833,225000	1.183,153901	-	272.016,378901	Padrão - SND	Reg.	
16/11/2017	CIMA11	270.833,225000	1.084,362066	-	271.917,587066	Padrão - SND	Reg.	
14/11/2017	CIMA11	270.833,225000	985,602730	-	271.818,827730	Padrão - SND	Reg.	
13/11/2017	CIMA11	270.833,225000	886,881311	-	271.720,106311	Padrão - SND	Reg.	
10/11/2017	CIMA11	270.833,225000	788,195101	-	271.621,420101	Padrão - SND	Reg.	
09/11/2017	CIMA11	270.833,225000	689,546807	-	271.522,771807	Padrão - SND	Reg.	
08/11/2017	CIMA11	270.833,225000	590,931013	-	271.424,156013	Padrão - SND	Reg.	
07/11/2017	CIMA11	270.833,225000	492,353136	-	271.325,578136	Padrão - SND	Reg.	
06/11/2017	CIMA11	270.833,225000	393,810467	-	271.227,035467	Padrão - SND	Reg.	
03/11/2017	CIMA11	270.833,225000	295,305715	-	271.128,530715	Padrão - SND	Reg.	
01/11/2017	CIMA11	270.833,225000	196,833462	-	271.030,058462	Padrão - SND	Reg.	
31/10/2017	CIMA11	270.833,225000	98,399127	-	270.931,624127	Padrão - SND	Reg.	
30/10/2017	CIMA11	270.833,225000	-  	-	270.833,225000	Padrão - SND	Reg.	
27/10/2017	CIMA11	270.833,225000	15.126,403949	-	285.959,628949	Padrão - SND	Reg.	
26/10/2017	CIMA11	270.833,225000	15.028,933780	-	285.862,158780	Padrão - SND	Reg.	
25/10/2017	CIMA11	270.833,225000	14.921,987156	-	285.755,212156	Padrão - SND	Reg.	
24/10/2017	CIMA11	270.833,225000	14.815,081157	-	285.648,306157	Padrão - SND	Reg.	
23/10/2017	CIMA11	270.833,225000	14.708,213075	-	285.541,438075	Padrão - SND	Reg.	
20/10/2017	CIMA11	270.833,225000	14.601,385617	-	285.434,610617	Padrão - SND	Reg.	
19/10/2017	CIMA11	270.833,225000	14.494,598785	-	285.327,823785	Padrão - SND	Reg.	
18/10/2017	CIMA11	270.833,225000	14.387,852578	-	285.221,077578	Padrão - SND	Reg.	
17/10/2017	CIMA11	270.833,225000	14.281,144287	-	285.114,369287	Padrão - SND	Reg.	
16/10/2017	CIMA11	270.833,225000	14.174,476621	-	285.007,701621	Padrão - SND	Reg.	
13/10/2017	CIMA11	270.833,225000	14.067,849581	-	284.901,074581	Padrão - SND	Reg.	
11/10/2017	CIMA11	270.833,225000	13.961,263165	-	284.794,488165	Padrão - SND	Reg.	
10/10/2017	CIMA11	270.833,225000	13.854,714666	-	284.687,939666	Padrão - SND	Reg.	
09/10/2017	CIMA11	270.833,225000	13.748,206792	-	284.581,431792	Padrão - SND	Reg.	
06/10/2017	CIMA11	270.833,225000	13.641,739543	-	284.474,964543	Padrão - SND	Reg.	
05/10/2017	CIMA11	270.833,225000	13.535,310210	-	284.368,535210	Padrão - SND	Reg.	
04/10/2017	CIMA11	270.833,225000	13.428,924211	-	284.262,149211	Padrão - SND	Reg.	
03/10/2017	CIMA11	270.833,225000	13.322,573420	-	284.155,798420	Padrão - SND	Reg.	
02/10/2017	CIMA11	270.833,225000	13.216,265963	-	284.049,490963	Padrão - SND	Reg.	
29/09/2017	CIMA11	270.833,225000	13.109,996422	-	283.943,221422	Padrão - SND	Reg.	
28/09/2017	CIMA11	270.833,225000	13.003,767506	-	283.836,992506	Padrão - SND	Reg.	
27/09/2017	CIMA11	270.833,225000	12.897,579215	-	283.730,804215	Padrão - SND	Reg.	
26/09/2017	CIMA11	270.833,225000	12.791,428841	-	283.624,653841	Padrão - SND	Reg.	
25/09/2017	CIMA11	270.833,225000	12.685,319092	-	283.518,544092	Padrão - SND	Reg.	
22/09/2017	CIMA11	270.833,225000	12.579,249968	-	283.412,474968	Padrão - SND	Reg.	
21/09/2017	CIMA11	270.833,225000	12.473,218760	-	283.306,443760	Padrão - SND	Reg.	
20/09/2017	CIMA11	270.833,225000	12.367,228178	-	283.200,453178	Padrão - SND	Reg.	
19/09/2017	CIMA11	270.833,225000	12.261,275512	-	283.094,500512	Padrão - SND	Reg.	
18/09/2017	CIMA11	270.833,225000	12.155,363471	-	282.988,588471	Padrão - SND	Reg.	
15/09/2017	CIMA11	270.833,225000	12.049,492055	-	282.882,717055	Padrão - SND	Reg.	
14/09/2017	CIMA11	270.833,225000	11.943,661264	-	282.776,886264	Padrão - SND	Reg.	
13/09/2017	CIMA11	270.833,225000	11.837,868389	-	282.671,093389	Padrão - SND	Reg.	
12/09/2017	CIMA11	270.833,225000	11.732,113432	-	282.565,338432	Padrão - SND	Reg.	
11/09/2017	CIMA11	270.833,225000	11.626,401807	-	282.459,626807	Padrão - SND	Reg.	
08/09/2017	CIMA11	270.833,225000	11.520,728100	-	282.353,953100	Padrão - SND	Reg.	
06/09/2017	CIMA11	270.833,225000	11.402,669188	-	282.235,894188	Padrão - SND	Reg.	
05/09/2017	CIMA11	270.833,225000	11.284,661736	-	282.117,886736	Padrão - SND	Reg.	
04/09/2017	CIMA11	270.833,225000	11.166,703033	-	281.999,928033	Padrão - SND	Reg.	
01/09/2017	CIMA11	270.833,225000	11.048,795788	-	281.882,020788	Padrão - SND	Reg.	
31/08/2017	CIMA11	270.833,225000	10.930,934585	-	281.764,159585	Padrão - SND	Reg.	
30/08/2017	CIMA11	270.833,225000	10.813,124841	-	281.646,349841	Padrão - SND	Reg.	
29/08/2017	CIMA11	270.833,225000	10.695,363846	-	281.528,588846	Padrão - SND	Reg.	
28/08/2017	CIMA11	270.833,225000	10.577,651602	-	281.410,876602	Padrão - SND	Reg.	
25/08/2017	CIMA11	270.833,225000	10.459,990816	-	281.293,215816	Padrão - SND	Reg.	
24/08/2017	CIMA11	270.833,225000	10.342,376071	-	281.175,601071	Padrão - SND	Reg.	
23/08/2017	CIMA11	270.833,225000	10.224,812785	-	281.058,037785	Padrão - SND	Reg.	
22/08/2017	CIMA11	270.833,225000	10.107,298248	-	280.940,523248	Padrão - SND	Reg.	
21/08/2017	CIMA11	270.833,225000	9.989,832462	-	280.823,057462	Padrão - SND	Reg.	
18/08/2017	CIMA11	270.833,225000	9.872,415426	-	280.705,640426	Padrão - SND	Reg.	
17/08/2017	CIMA11	270.833,225000	9.755,047139	-	280.588,272139	Padrão - SND	Reg.	
16/08/2017	CIMA11	270.833,225000	9.637,727603	-	280.470,952603	Padrão - SND	Reg.	
15/08/2017	CIMA11	270.833,225000	9.520,459525	-	280.353,684525	Padrão - SND	Reg.	
14/08/2017	CIMA11	270.833,225000	9.403,237488	-	280.236,462488	Padrão - SND	Reg.	
11/08/2017	CIMA11	270.833,225000	9.286,066910	-	280.119,291910	Padrão - SND	Reg.	
10/08/2017	CIMA11	270.833,225000	9.168,942374	-	280.002,167374	Padrão - SND	Reg.	
09/08/2017	CIMA11	270.833,225000	9.051,869295	-	279.885,094295	Padrão - SND	Reg.	
08/08/2017	CIMA11	270.833,225000	8.934,844967	-	279.768,069967	Padrão - SND	Reg.	
07/08/2017	CIMA11	270.833,225000	8.817,869389	-	279.651,094389	Padrão - SND	Reg.	
04/08/2017	CIMA11	270.833,225000	8.700,942561	-	279.534,167561	Padrão - SND	Reg.	
03/08/2017	CIMA11	270.833,225000	8.584,064483	-	279.417,289483	Padrão - SND	Reg.	
02/08/2017	CIMA11	270.833,225000	8.467,235154	-	279.300,460154	Padrão - SND	Reg.	
01/08/2017	CIMA11	270.833,225000	8.350,454576	-	279.183,679576	Padrão - SND	Reg.	
31/07/2017	CIMA11	270.833,225000	8.233,725456	-	279.066,950456	Padrão - SND	Reg.	
28/07/2017	CIMA11	270.833,225000	8.117,042378	-	278.950,267378	Padrão - SND	Reg.	
27/07/2017	CIMA11	270.833,225000	8.000,408049	-	278.833,633049	Padrão - SND	Reg.	
26/07/2017	CIMA11	270.833,225000	7.871,667476	-	278.704,892476	Padrão - SND	Reg.	
25/07/2017	CIMA11	270.833,225000	7.742,986486	-	278.576,211486	Padrão - SND	Reg.	
24/07/2017	CIMA11	270.833,225000	7.614,365079	-	278.447,590079	Padrão - SND	Reg.	
21/07/2017	CIMA11	270.833,225000	7.485,800547	-	278.319,025547	Padrão - SND	Reg.	
20/07/2017	CIMA11	270.833,225000	7.357,298307	-	278.190,523307	Padrão - SND	Reg.	
19/07/2017	CIMA11	270.833,225000	7.228,855650	-	278.062,080650	Padrão - SND	Reg.	
18/07/2017	CIMA11	270.833,225000	7.100,469868	-	277.933,694868	Padrão - SND	Reg.	
17/07/2017	CIMA11	270.833,225000	6.972,146377	-	277.805,371377	Padrão - SND	Reg.	
14/07/2017	CIMA11	270.833,225000	6.843,879762	-	277.677,104762	Padrão - SND	Reg.	
13/07/2017	CIMA11	270.833,225000	6.715,672730	-	277.548,897730	Padrão - SND	Reg.	
12/07/2017	CIMA11	270.833,225000	6.587,525281	-	277.420,750281	Padrão - SND	Reg.	
11/07/2017	CIMA11	270.833,225000	6.459,437416	-	277.292,662416	Padrão - SND	Reg.	
10/07/2017	CIMA11	270.833,225000	6.331,409134	-	277.164,634134	Padrão - SND	Reg.	
07/07/2017	CIMA11	270.833,225000	6.203,437726	-	277.036,662726	Padrão - SND	Reg.	
06/07/2017	CIMA11	270.833,225000	6.075,525903	-	276.908,750903	Padrão - SND	Reg.	
05/07/2017	CIMA11	270.833,225000	5.947,673662	-	276.780,898662	Padrão - SND	Reg.	
04/07/2017	CIMA11	270.833,225000	5.819,881005	-	276.653,106005	Padrão - SND	Reg.	
03/07/2017	CIMA11	270.833,225000	5.692,147931	-	276.525,372931	Padrão - SND	Reg.	
30/06/2017	CIMA11	270.833,225000	5.564,474440	-	276.397,699440	Padrão - SND	Reg.	
29/06/2017	CIMA11	270.833,225000	5.436,857825	-	276.270,082825	Padrão - SND	Reg.	
28/06/2017	CIMA11	270.833,225000	5.309,300792	-	276.142,525792	Padrão - SND	Reg.	
27/06/2017	CIMA11	270.833,225000	5.181,800635	-	276.015,025635	Padrão - SND	Reg.	
26/06/2017	CIMA11	270.833,225000	5.054,362769	-	275.887,587769	Padrão - SND	Reg.	
23/06/2017	CIMA11	270.833,225000	4.926,981779	-	275.760,206779	Padrão - SND	Reg.	
22/06/2017	CIMA11	270.833,225000	4.799,660371	-	275.632,885371	Padrão - SND	Reg.	
21/06/2017	CIMA11	270.833,225000	4.672,398547	-	275.505,623547	Padrão - SND	Reg.	
20/06/2017	CIMA11	270.833,225000	4.545,193598	-	275.378,418598	Padrão - SND	Reg.	
19/06/2017	CIMA11	270.833,225000	4.418,048232	-	275.251,273232	Padrão - SND	Reg.	
16/06/2017	CIMA11	270.833,225000	4.290,962450	-	275.124,187450	Padrão - SND	Reg.	
14/06/2017	CIMA11	270.833,225000	4.163,933542	-	274.997,158542	Padrão - SND	Reg.	
13/06/2017	CIMA11	270.833,225000	4.036,964218	-	274.870,189218	Padrão - SND	Reg.	
12/06/2017	CIMA11	270.833,225000	3.910,054477	-	274.743,279477	Padrão - SND	Reg.	
09/06/2017	CIMA11	270.833,225000	3.783,201611	-	274.616,426611	Padrão - SND	Reg.	
08/06/2017	CIMA11	270.833,225000	3.656,408329	-	274.489,633329	Padrão - SND	Reg.	
07/06/2017	CIMA11	270.833,225000	3.529,671921	-	274.362,896921	Padrão - SND	Reg.	
06/06/2017	CIMA11	270.833,225000	3.402,995097	-	274.236,220097	Padrão - SND	Reg.	
05/06/2017	CIMA11	270.833,225000	3.276,377856	-	274.109,602856	Padrão - SND	Reg.	
02/06/2017	CIMA11	270.833,225000	3.149,820198	-	273.983,045198	Padrão - SND	Reg.	
01/06/2017	CIMA11	270.833,225000	3.023,316707	-	273.856,541707	Padrão - SND	Reg.	
31/05/2017	CIMA11	270.833,225000	2.885,164679	-	273.718,389679	Padrão - SND	Reg.	
30/05/2017	CIMA11	270.833,225000	2.747,083067	-	273.580,308067	Padrão - SND	Reg.	
29/05/2017	CIMA11	270.833,225000	2.609,069164	-	273.442,294164	Padrão - SND	Reg.	
26/05/2017	CIMA11	270.833,225000	2.471,125678	-	273.304,350678	Padrão - SND	Reg.	
25/05/2017	CIMA11	270.833,225000	2.333,249900	-	273.166,474900	Padrão - SND	Reg.	
24/05/2017	CIMA11	270.833,225000	2.195,444538	-	273.028,669538	Padrão - SND	Reg.	
23/05/2017	CIMA11	270.833,225000	2.057,709593	-	272.890,934593	Padrão - SND	Reg.	
22/05/2017	CIMA11	270.833,225000	1.920,045065	-	272.753,270065	Padrão - SND	Reg.	
19/05/2017	CIMA11	270.833,225000	1.782,448245	-	272.615,673245	Padrão - SND	Reg.	
18/05/2017	CIMA11	270.833,225000	1.644,921842	-	272.478,146842	Padrão - SND	Reg.	
17/05/2017	CIMA11	270.833,225000	1.507,463147	-	272.340,688147	Padrão - SND	Reg.	
16/05/2017	CIMA11	270.833,225000	1.370,074868	-	272.203,299868	Padrão - SND	Reg.	
15/05/2017	CIMA11	270.833,225000	1.232,757006	-	272.065,982006	Padrão - SND	Reg.	
12/05/2017	CIMA11	270.833,225000	1.095,506853	-	271.928,731853	Padrão - SND	Reg.	
11/05/2017	CIMA11	270.833,225000	958,327116	-	271.791,552116	Padrão - SND	Reg.	
10/05/2017	CIMA11	270.833,225000	821,215088	-	271.654,440088	Padrão - SND	Reg.	
09/05/2017	CIMA11	270.833,225000	684,173476	-	271.517,398476	Padrão - SND	Reg.	
08/05/2017	CIMA11	270.833,225000	547,199572	-	271.380,424572	Padrão - SND	Reg.	
05/05/2017	CIMA11	270.833,225000	410,296085	-	271.243,521085	Padrão - SND	Reg.	
04/05/2017	CIMA11	270.833,225000	273,463015	-	271.106,688015	Padrão - SND	Reg.	
03/05/2017	CIMA11	270.833,225000	136,697653	-	270.969,922653	Padrão - SND	Reg.	
02/05/2017	CIMA11	270.833,225000	-  	-	270.833,225000	Padrão - SND	Reg.	
28/04/2017	CIMA11	325.000,000000	24.041,485000	-	349.041,485000	Padrão - SND	Reg.	
27/04/2017	CIMA11	325.000,000000	23.865,403250	-	348.865,403250	Padrão - SND	Reg.	
26/04/2017	CIMA11	325.000,000000	23.689,409250	-	348.689,409250	Padrão - SND	Reg.	
25/04/2017	CIMA11	325.000,000000	23.513,506250	-	348.513,506250	Padrão - SND	Reg.	
24/04/2017	CIMA11	325.000,000000	23.337,691000	-	348.337,691000	Padrão - SND	Reg.	
20/04/2017	CIMA11	325.000,000000	23.161,963500	-	348.161,963500	Padrão - SND	Reg.	
19/04/2017	CIMA11	325.000,000000	22.986,327000	-	347.986,327000	Padrão - SND	Reg.	
18/04/2017	CIMA11	325.000,000000	22.810,778250	-	347.810,778250	Padrão - SND	Reg.	
17/04/2017	CIMA11	325.000,000000	22.635,317250	-	347.635,317250	Padrão - SND	Reg.	
13/04/2017	CIMA11	325.000,000000	22.459,944000	-	347.459,944000	Padrão - SND	Reg.	
12/04/2017	CIMA11	325.000,000000	22.269,786500	-	347.269,786500	Padrão - SND	Reg.	
11/04/2017	CIMA11	325.000,000000	22.079,736250	-	347.079,736250	Padrão - SND	Reg.	
10/04/2017	CIMA11	325.000,000000	21.889,786750	-	346.889,786750	Padrão - SND	Reg.	
07/04/2017	CIMA11	325.000,000000	21.699,941250	-	346.699,941250	Padrão - SND	Reg.	
06/04/2017	CIMA11	325.000,000000	21.510,199750	-	346.510,199750	Padrão - SND	Reg.	
05/04/2017	CIMA11	325.000,000000	21.320,565500	-	346.320,565500	Padrão - SND	Reg.	
04/04/2017	CIMA11	325.000,000000	21.131,032000	-	346.131,032000	Padrão - SND	Reg.	
03/04/2017	CIMA11	325.000,000000	20.941,602500	-	345.941,602500	Padrão - SND	Reg.	
31/03/2017	CIMA11	325.000,000000	20.752,277000	-	345.752,277000	Padrão - SND	Reg.	
30/03/2017	CIMA11	325.000,000000	20.563,055500	-	345.563,055500	Padrão - SND	Reg.	
29/03/2017	CIMA11	325.000,000000	20.373,934750	-	345.373,934750	Padrão - SND	Reg.	
28/03/2017	CIMA11	325.000,000000	20.184,921250	-	345.184,921250	Padrão - SND	Reg.	
27/03/2017	CIMA11	325.000,000000	19.996,008500	-	344.996,008500	Padrão - SND	Reg.	
24/03/2017	CIMA11	325.000,000000	19.807,199750	-	344.807,199750	Padrão - SND	Reg.	
23/03/2017	CIMA11	325.000,000000	19.618,495000	-	344.618,495000	Padrão - SND	Reg.	
22/03/2017	CIMA11	325.000,000000	19.429,894250	-	344.429,894250	Padrão - SND	Reg.	
21/03/2017	CIMA11	325.000,000000	19.241,397500	-	344.241,397500	Padrão - SND	Reg.	
20/03/2017	CIMA11	325.000,000000	19.053,001500	-	344.053,001500	Padrão - SND	Reg.	
17/03/2017	CIMA11	325.000,000000	18.864,709500	-	343.864,709500	Padrão - SND	Reg.	
16/03/2017	CIMA11	325.000,000000	18.676,518250	-	343.676,518250	Padrão - SND	Reg.	
15/03/2017	CIMA11	325.000,000000	18.488,434250	-	343.488,434250	Padrão - SND	Reg.	
14/03/2017	CIMA11	325.000,000000	18.300,451000	-	343.300,451000	Padrão - SND	Reg.	
13/03/2017	CIMA11	325.000,000000	18.112,571750	-	343.112,571750	Padrão - SND	Reg.	
10/03/2017	CIMA11	325.000,000000	17.924,793250	-	342.924,793250	Padrão - SND	Reg.	
09/03/2017	CIMA11	325.000,000000	17.737,118750	-	342.737,118750	Padrão - SND	Reg.	
08/03/2017	CIMA11	325.000,000000	17.549,545000	-	342.549,545000	Padrão - SND	Reg.	
07/03/2017	CIMA11	325.000,000000	17.362,075250	-	342.362,075250	Padrão - SND	Reg.	
06/03/2017	CIMA11	325.000,000000	17.174,709500	-	342.174,709500	Padrão - SND	Reg.	
03/03/2017	CIMA11	325.000,000000	16.987,444500	-	341.987,444500	Padrão - SND	Reg.	
02/03/2017	CIMA11	325.000,000000	16.800,283500	-	341.800,283500	Padrão - SND	Reg.	
01/03/2017	CIMA11	325.000,000000	16.613,226500	-	341.613,226500	Padrão - SND	Reg.	
24/02/2017	CIMA11	325.000,000000	16.426,267000	-	341.426,267000	Padrão - SND	Reg.	
23/02/2017	CIMA11	325.000,000000	16.239,414750	-	341.239,414750	Padrão - SND	Reg.	
22/02/2017	CIMA11	325.000,000000	16.041,788750	-	341.041,788750	Padrão - SND	Reg.	
21/02/2017	CIMA11	325.000,000000	15.844,279750	-	340.844,279750	Padrão - SND	Reg.	
20/02/2017	CIMA11	325.000,000000	15.646,884500	-	340.646,884500	Padrão - SND	Reg.	
17/02/2017	CIMA11	325.000,000000	15.449,603000	-	340.449,603000	Padrão - SND	Reg.	
16/02/2017	CIMA11	325.000,000000	15.252,435250	-	340.252,435250	Padrão - SND	Reg.	
15/02/2017	CIMA11	325.000,000000	15.055,384500	-	340.055,384500	Padrão - SND	Reg.	
14/02/2017	CIMA11	325.000,000000	14.858,444250	-	339.858,444250	Padrão - SND	Reg.	
13/02/2017	CIMA11	325.000,000000	14.661,621000	-	339.661,621000	Padrão - SND	Reg.	
10/02/2017	CIMA11	325.000,000000	14.464,908250	-	339.464,908250	Padrão - SND	Reg.	
09/02/2017	CIMA11	325.000,000000	14.268,312500	-	339.268,312500	Padrão - SND	Reg.	
08/02/2017	CIMA11	325.000,000000	14.071,830500	-	339.071,830500	Padrão - SND	Reg.	
07/02/2017	CIMA11	325.000,000000	13.875,462250	-	338.875,462250	Padrão - SND	Reg.	
06/02/2017	CIMA11	325.000,000000	13.679,204500	-	338.679,204500	Padrão - SND	Reg.	
03/02/2017	CIMA11	325.000,000000	13.483,063750	-	338.483,063750	Padrão - SND	Reg.	
02/02/2017	CIMA11	325.000,000000	13.287,036750	-	338.287,036750	Padrão - SND	Reg.	
01/02/2017	CIMA11	325.000,000000	13.091,120250	-	338.091,120250	Padrão - SND	Reg.	
31/01/2017	CIMA11	325.000,000000	12.895,320750	-	337.895,320750	Padrão - SND	Reg.	
30/01/2017	CIMA11	325.000,000000	12.699,631750	-	337.699,631750	Padrão - SND	Reg.	
27/01/2017	CIMA11	325.000,000000	12.504,059750	-	337.504,059750	Padrão - SND	Reg.	
26/01/2017	CIMA11	325.000,000000	12.308,598250	-	337.308,598250	Padrão - SND	Reg.	
25/01/2017	CIMA11	325.000,000000	12.113,250500	-	337.113,250500	Padrão - SND	Reg.	
24/01/2017	CIMA11	325.000,000000	11.918,016500	-	336.918,016500	Padrão - SND	Reg.	
23/01/2017	CIMA11	325.000,000000	11.722,893000	-	336.722,893000	Padrão - SND	Reg.	
20/01/2017	CIMA11	325.000,000000	11.527,883250	-	336.527,883250	Padrão - SND	Reg.	
19/01/2017	CIMA11	325.000,000000	11.332,990500	-	336.332,990500	Padrão - SND	Reg.	
18/01/2017	CIMA11	325.000,000000	11.138,205000	-	336.138,205000	Padrão - SND	Reg.	
17/01/2017	CIMA11	325.000,000000	10.943,536500	-	335.943,536500	Padrão - SND	Reg.	
16/01/2017	CIMA11	325.000,000000	10.748,978500	-	335.748,978500	Padrão - SND	Reg.	
13/01/2017	CIMA11	325.000,000000	10.554,534250	-	335.554,534250	Padrão - SND	Reg.	
12/01/2017	CIMA11	325.000,000000	10.360,203750	-	335.360,203750	Padrão - SND	Reg.	
11/01/2017	CIMA11	325.000,000000	10.155,372500	-	335.155,372500	Padrão - SND	Reg.	
10/01/2017	CIMA11	325.000,000000	9.950,664750	-	334.950,664750	Padrão - SND	Reg.	
09/01/2017	CIMA11	325.000,000000	9.746,083750	-	334.746,083750	Padrão - SND	Reg.	
06/01/2017	CIMA11	325.000,000000	9.541,629500	-	334.541,629500	Padrão - SND	Reg.	
05/01/2017	CIMA11	325.000,000000	9.337,298750	-	334.337,298750	Padrão - SND	Reg.	
04/01/2017	CIMA11	325.000,000000	9.133,091500	-	334.133,091500	Padrão - SND	Reg.	
03/01/2017	CIMA11	325.000,000000	8.929,011000	-	333.929,011000	Padrão - SND	Reg.	
02/01/2017	CIMA11	325.000,000000	8.725,054000	-	333.725,054000	Padrão - SND	Reg.	
30/12/2016	CIMA11	325.000,000000	8.521,223750	-	333.521,223750	Padrão - SND	Reg.	
29/12/2016	CIMA11	325.000,000000	8.317,513750	-	333.317,513750	Padrão - SND	Reg.	
28/12/2016	CIMA11	325.000,000000	8.113,930500	-	333.113,930500	Padrão - SND	Reg.	
27/12/2016	CIMA11	325.000,000000	7.910,474000	-	332.910,474000	Padrão - SND	Reg.	
26/12/2016	CIMA11	325.000,000000	7.707,137750	-	332.707,137750	Padrão - SND	Reg.	
23/12/2016	CIMA11	325.000,000000	7.503,928250	-	332.503,928250	Padrão - SND	Reg.	
22/12/2016	CIMA11	325.000,000000	7.300,842250	-	332.300,842250	Padrão - SND	Reg.	
21/12/2016	CIMA11	325.000,000000	7.097,879750	-	332.097,879750	Padrão - SND	Reg.	
20/12/2016	CIMA11	325.000,000000	6.895,040750	-	331.895,040750	Padrão - SND	Reg.	
19/12/2016	CIMA11	325.000,000000	6.692,325250	-	331.692,325250	Padrão - SND	Reg.	
16/12/2016	CIMA11	325.000,000000	6.489,736500	-	331.489,736500	Padrão - SND	Reg.	
15/12/2016	CIMA11	325.000,000000	6.287,268000	-	331.287,268000	Padrão - SND	Reg.	
14/12/2016	CIMA11	325.000,000000	6.084,926250	-	331.084,926250	Padrão - SND	Reg.	
13/12/2016	CIMA11	325.000,000000	5.882,704750	-	330.882,704750	Padrão - SND	Reg.	
12/12/2016	CIMA11	325.000,000000	5.680,610000	-	330.680,610000	Padrão - SND	Reg.	
09/12/2016	CIMA11	325.000,000000	5.478,638750	-	330.478,638750	Padrão - SND	Reg.	
08/12/2016	CIMA11	325.000,000000	5.276,787750	-	330.276,787750	Padrão - SND	Reg.	
07/12/2016	CIMA11	325.000,000000	5.075,063500	-	330.075,063500	Padrão - SND	Reg.	
06/12/2016	CIMA11	325.000,000000	4.873,459500	-	329.873,459500	Padrão - SND	Reg.	
05/12/2016	CIMA11	325.000,000000	4.671,979000	-	329.671,979000	Padrão - SND	Reg.	
02/12/2016	CIMA11	325.000,000000	4.470,622000	-	329.470,622000	Padrão - SND	Reg.	
01/12/2016	CIMA11	325.000,000000	4.269,388500	-	329.269,388500	Padrão - SND	Reg.	
30/11/2016	CIMA11	325.000,000000	4.064,820500	-	329.064,820500	Padrão - SND	Reg.	
29/11/2016	CIMA11	325.000,000000	3.860,376000	-	328.860,376000	Padrão - SND	Reg.	
28/11/2016	CIMA11	325.000,000000	3.656,061500	-	328.656,061500	Padrão - SND	Reg.	
25/11/2016	CIMA11	325.000,000000	3.451,870500	-	328.451,870500	Padrão - SND	Reg.	
24/11/2016	CIMA11	325.000,000000	3.247,809500	-	328.247,809500	Padrão - SND	Reg.	
23/11/2016	CIMA11	325.000,000000	3.043,872000	-	328.043,872000	Padrão - SND	Reg.	
22/11/2016	CIMA11	325.000,000000	2.840,064500	-	327.840,064500	Padrão - SND	Reg.	
21/11/2016	CIMA11	325.000,000000	2.636,380500	-	327.636,380500	Padrão - SND	Reg.	
18/11/2016	CIMA11	325.000,000000	2.432,826500	-	327.432,826500	Padrão - SND	Reg.	
17/11/2016	CIMA11	325.000,000000	2.229,396000	-	327.229,396000	Padrão - SND	Reg.	
16/11/2016	CIMA11	325.000,000000	2.026,095500	-	327.026,095500	Padrão - SND	Reg.	
14/11/2016	CIMA11	325.000,000000	1.822,918500	-	326.822,918500	Padrão - SND	Reg.	
11/11/2016	CIMA11	325.000,000000	1.619,868250	-	326.619,868250	Padrão - SND	Reg.	
10/11/2016	CIMA11	325.000,000000	1.416,944750	-	326.416,944750	Padrão - SND	Reg.	
09/11/2016	CIMA11	325.000,000000	1.214,144750	-	326.214,144750	Padrão - SND	Reg.	
08/11/2016	CIMA11	325.000,000000	1.011,471500	-	326.011,471500	Padrão - SND	Reg.	
07/11/2016	CIMA11	325.000,000000	808,928250	-	325.808,928250	Padrão - SND	Reg.	
04/11/2016	CIMA11	325.000,000000	606,505250	-	325.606,505250	Padrão - SND	Reg.	
03/11/2016	CIMA11	325.000,000000	404,212250	-	325.404,212250	Padrão - SND	Reg.	
01/11/2016	CIMA11	325.000,000000	202,042750	-	325.202,042750	Padrão - SND	Reg.	
31/10/2016	CIMA11	325.000,000000	-  	-	325.000,000000	Padrão - SND	Reg.	
28/10/2016	CIMA11	325.000,000000	27.137,119750	-	352.137,119750	Padrão - SND	Reg.	
27/10/2016	CIMA11	325.000,000000	26.918,342750	-	351.918,342750	Padrão - SND	Reg.	
26/10/2016	CIMA11	325.000,000000	26.699,702250	-	351.699,702250	Padrão - SND	Reg.	
25/10/2016	CIMA11	325.000,000000	26.481,195000	-	351.481,195000	Padrão - SND	Reg.	
24/10/2016	CIMA11	325.000,000000	26.262,824250	-	351.262,824250	Padrão - SND	Reg.	
21/10/2016	CIMA11	325.000,000000	26.044,590000	-	351.044,590000	Padrão - SND	Reg.	
20/10/2016	CIMA11	325.000,000000	25.826,492250	-	350.826,492250	Padrão - SND	Reg.	
19/10/2016	CIMA11	325.000,000000	25.604,855250	-	350.604,855250	Padrão - SND	Reg.	
18/10/2016	CIMA11	325.000,000000	25.383,358000	-	350.383,358000	Padrão - SND	Reg.	
17/10/2016	CIMA11	325.000,000000	25.162,000500	-	350.162,000500	Padrão - SND	Reg.	
14/10/2016	CIMA11	325.000,000000	24.940,786000	-	349.940,786000	Padrão - SND	Reg.	
13/10/2016	CIMA11	325.000,000000	24.719,708000	-	349.719,708000	Padrão - SND	Reg.	
11/10/2016	CIMA11	325.000,000000	24.498,769750	-	349.498,769750	Padrão - SND	Reg.	
10/10/2016	CIMA11	325.000,000000	24.277,974500	-	349.277,974500	Padrão - SND	Reg.	
07/10/2016	CIMA11	325.000,000000	24.057,315750	-	349.057,315750	Padrão - SND	Reg.	
06/10/2016	CIMA11	325.000,000000	23.836,796750	-	348.836,796750	Padrão - SND	Reg.	
05/10/2016	CIMA11	325.000,000000	23.616,417500	-	348.616,417500	Padrão - SND	Reg.	
04/10/2016	CIMA11	325.000,000000	23.396,174750	-	348.396,174750	Padrão - SND	Reg.	
03/10/2016	CIMA11	325.000,000000	23.176,075000	-	348.176,075000	Padrão - SND	Reg.	
30/09/2016	CIMA11	325.000,000000	22.956,111750	-	347.956,111750	Padrão - SND	Reg.	
29/09/2016	CIMA11	325.000,000000	22.736,288250	-	347.736,288250	Padrão - SND	Reg.	
28/09/2016	CIMA11	325.000,000000	22.516,604500	-	347.516,604500	Padrão - SND	Reg.	
27/09/2016	CIMA11	325.000,000000	22.297,060500	-	347.297,060500	Padrão - SND	Reg.	
26/09/2016	CIMA11	325.000,000000	22.077,653000	-	347.077,653000	Padrão - SND	Reg.	
23/09/2016	CIMA11	325.000,000000	21.858,385250	-	346.858,385250	Padrão - SND	Reg.	
22/09/2016	CIMA11	325.000,000000	21.639,254000	-	346.639,254000	Padrão - SND	Reg.	
21/09/2016	CIMA11	325.000,000000	21.420,262500	-	346.420,262500	Padrão - SND	Reg.	
20/09/2016	CIMA11	325.000,000000	21.201,410750	-	346.201,410750	Padrão - SND	Reg.	
19/09/2016	CIMA11	325.000,000000	20.982,695500	-	345.982,695500	Padrão - SND	Reg.	
16/09/2016	CIMA11	325.000,000000	20.764,120000	-	345.764,120000	Padrão - SND	Reg.	
15/09/2016	CIMA11	325.000,000000	20.545,681000	-	345.545,681000	Padrão - SND	Reg.	
14/09/2016	CIMA11	325.000,000000	20.327,378500	-	345.327,378500	Padrão - SND	Reg.	
13/09/2016	CIMA11	325.000,000000	20.109,215750	-	345.109,215750	Padrão - SND	Reg.	
12/09/2016	CIMA11	325.000,000000	19.891,192750	-	344.891,192750	Padrão - SND	Reg.	
09/09/2016	CIMA11	325.000,000000	19.673,306250	-	344.673,306250	Padrão - SND	Reg.	
08/09/2016	CIMA11	325.000,000000	19.455,556250	-	344.455,556250	Padrão - SND	Reg.	
06/09/2016	CIMA11	325.000,000000	19.237,942750	-	344.237,942750	Padrão - SND	Reg.	
05/09/2016	CIMA11	325.000,000000	19.020,469000	-	344.020,469000	Padrão - SND	Reg.	
02/09/2016	CIMA11	325.000,000000	18.803,131750	-	343.803,131750	Padrão - SND	Reg.	
01/09/2016	CIMA11	325.000,000000	18.585,934250	-	343.585,934250	Padrão - SND	Reg.	
31/08/2016	CIMA11	325.000,000000	18.368,870000	-	343.368,870000	Padrão - SND	Reg.	
30/08/2016	CIMA11	325.000,000000	18.151,945500	-	343.151,945500	Padrão - SND	Reg.	
29/08/2016	CIMA11	325.000,000000	17.935,157500	-	342.935,157500	Padrão - SND	Reg.	
26/08/2016	CIMA11	325.000,000000	17.718,506000	-	342.718,506000	Padrão - SND	Reg.	
25/08/2016	CIMA11	325.000,000000	17.501,991000	-	342.501,991000	Padrão - SND	Reg.	
24/08/2016	CIMA11	325.000,000000	17.285,615750	-	342.285,615750	Padrão - SND	Reg.	
23/08/2016	CIMA11	325.000,000000	17.069,373750	-	342.069,373750	Padrão - SND	Reg.	
22/08/2016	CIMA11	325.000,000000	16.853,268250	-	341.853,268250	Padrão - SND	Reg.	
19/08/2016	CIMA11	325.000,000000	16.637,302500	-	341.637,302500	Padrão - SND	Reg.	
18/08/2016	CIMA11	325.000,000000	16.421,470000	-	341.421,470000	Padrão - SND	Reg.	
17/08/2016	CIMA11	325.000,000000	16.205,774000	-	341.205,774000	Padrão - SND	Reg.	
16/08/2016	CIMA11	325.000,000000	15.990,217750	-	340.990,217750	Padrão - SND	Reg.	
15/08/2016	CIMA11	325.000,000000	15.774,794750	-	340.774,794750	Padrão - SND	Reg.	
12/08/2016	CIMA11	325.000,000000	15.559,508250	-	340.559,508250	Padrão - SND	Reg.	
11/08/2016	CIMA11	325.000,000000	15.344,358250	-	340.344,358250	Padrão - SND	Reg.	
10/08/2016	CIMA11	325.000,000000	15.129,341500	-	340.129,341500	Padrão - SND	Reg.	
09/08/2016	CIMA11	325.000,000000	14.914,464500	-	339.914,464500	Padrão - SND	Reg.	
08/08/2016	CIMA11	325.000,000000	14.699,720750	-	339.699,720750	Padrão - SND	Reg.	
05/08/2016	CIMA11	325.000,000000	14.485,113500	-	339.485,113500	Padrão - SND	Reg.	
04/08/2016	CIMA11	325.000,000000	14.270,642750	-	339.270,642750	Padrão - SND	Reg.	
03/08/2016	CIMA11	325.000,000000	14.056,305250	-	339.056,305250	Padrão - SND	Reg.	
02/08/2016	CIMA11	325.000,000000	13.842,104250	-	338.842,104250	Padrão - SND	Reg.	
01/08/2016	CIMA11	325.000,000000	13.628,039750	-	338.628,039750	Padrão - SND	Reg.	
29/07/2016	CIMA11	325.000,000000	13.414,108500	-	338.414,108500	Padrão - SND	Reg.	
28/07/2016	CIMA11	325.000,000000	13.200,313750	-	338.200,313750	Padrão - SND	Reg.	
27/07/2016	CIMA11	325.000,000000	12.986,655500	-	337.986,655500	Padrão - SND	Reg.	
26/07/2016	CIMA11	325.000,000000	12.773,130500	-	337.773,130500	Padrão - SND	Reg.	
25/07/2016	CIMA11	325.000,000000	12.559,738750	-	337.559,738750	Padrão - SND	Reg.	
22/07/2016	CIMA11	325.000,000000	12.346,483500	-	337.346,483500	Padrão - SND	Reg.	
21/07/2016	CIMA11	325.000,000000	12.133,364750	-	337.133,364750	Padrão - SND	Reg.	
20/07/2016	CIMA11	325.000,000000	11.920,379250	-	336.920,379250	Padrão - SND	Reg.	
19/07/2016	CIMA11	325.000,000000	11.707,527000	-	336.707,527000	Padrão - SND	Reg.	
18/07/2016	CIMA11	325.000,000000	11.494,811250	-	336.494,811250	Padrão - SND	Reg.	
15/07/2016	CIMA11	325.000,000000	11.282,228750	-	336.282,228750	Padrão - SND	Reg.	
14/07/2016	CIMA11	325.000,000000	11.069,779500	-	336.069,779500	Padrão - SND	Reg.	
13/07/2016	CIMA11	325.000,000000	10.857,466750	-	335.857,466750	Padrão - SND	Reg.	
12/07/2016	CIMA11	325.000,000000	10.645,284000	-	335.645,284000	Padrão - SND	Reg.	
11/07/2016	CIMA11	325.000,000000	10.433,241000	-	335.433,241000	Padrão - SND	Reg.	
08/07/2016	CIMA11	325.000,000000	10.221,328000	-	335.221,328000	Padrão - SND	Reg.	
07/07/2016	CIMA11	325.000,000000	10.009,548250	-	335.009,548250	Padrão - SND	Reg.	
06/07/2016	CIMA11	325.000,000000	9.797,905000	-	334.797,905000	Padrão - SND	Reg.	
05/07/2016	CIMA11	325.000,000000	9.586,395000	-	334.586,395000	Padrão - SND	Reg.	
04/07/2016	CIMA11	325.000,000000	9.375,018250	-	334.375,018250	Padrão - SND	Reg.	
01/07/2016	CIMA11	325.000,000000	9.163,774750	-	334.163,774750	Padrão - SND	Reg.	
30/06/2016	CIMA11	325.000,000000	8.952,664500	-	333.952,664500	Padrão - SND	Reg.	
29/06/2016	CIMA11	325.000,000000	8.741,687500	-	333.741,687500	Padrão - SND	Reg.	
28/06/2016	CIMA11	325.000,000000	8.530,843750	-	333.530,843750	Padrão - SND	Reg.	
27/06/2016	CIMA11	325.000,000000	8.320,136500	-	333.320,136500	Padrão - SND	Reg.	
24/06/2016	CIMA11	325.000,000000	8.109,559250	-	333.109,559250	Padrão - SND	Reg.	
23/06/2016	CIMA11	325.000,000000	7.899,115250	-	332.899,115250	Padrão - SND	Reg.	
22/06/2016	CIMA11	325.000,000000	7.688,804500	-	332.688,804500	Padrão - SND	Reg.	
21/06/2016	CIMA11	325.000,000000	7.478,627000	-	332.478,627000	Padrão - SND	Reg.	
20/06/2016	CIMA11	325.000,000000	7.268,579500	-	332.268,579500	Padrão - SND	Reg.	
17/06/2016	CIMA11	325.000,000000	7.058,668500	-	332.058,668500	Padrão - SND	Reg.	
16/06/2016	CIMA11	325.000,000000	6.848,887500	-	331.848,887500	Padrão - SND	Reg.	
15/06/2016	CIMA11	325.000,000000	6.639,239750	-	331.639,239750	Padrão - SND	Reg.	
14/06/2016	CIMA11	325.000,000000	6.429,725250	-	331.429,725250	Padrão - SND	Reg.	
13/06/2016	CIMA11	325.000,000000	6.220,344000	-	331.220,344000	Padrão - SND	Reg.	
10/06/2016	CIMA11	325.000,000000	6.011,092750	-	331.011,092750	Padrão - SND	Reg.	
09/06/2016	CIMA11	325.000,000000	5.801,974750	-	330.801,974750	Padrão - SND	Reg.	
08/06/2016	CIMA11	325.000,000000	5.592,986750	-	330.592,986750	Padrão - SND	Reg.	
07/06/2016	CIMA11	325.000,000000	5.384,135250	-	330.384,135250	Padrão - SND	Reg.	
06/06/2016	CIMA11	325.000,000000	5.175,413750	-	330.175,413750	Padrão - SND	Reg.	
03/06/2016	CIMA11	325.000,000000	4.966,822250	-	329.966,822250	Padrão - SND	Reg.	
02/06/2016	CIMA11	325.000,000000	4.758,364000	-	329.758,364000	Padrão - SND	Reg.	
01/06/2016	CIMA11	325.000,000000	4.550,035750	-	329.550,035750	Padrão - SND	Reg.	
31/05/2016	CIMA11	325.000,000000	4.341,840750	-	329.341,840750	Padrão - SND	Reg.	
30/05/2016	CIMA11	325.000,000000	4.133,779000	-	329.133,779000	Padrão - SND	Reg.	
27/05/2016	CIMA11	325.000,000000	3.925,847250	-	328.925,847250	Padrão - SND	Reg.	
25/05/2016	CIMA11	325.000,000000	3.718,045500	-	328.718,045500	Padrão - SND	Reg.	
24/05/2016	CIMA11	325.000,000000	3.510,377000	-	328.510,377000	Padrão - SND	Reg.	
23/05/2016	CIMA11	325.000,000000	3.302,838500	-	328.302,838500	Padrão - SND	Reg.	
20/05/2016	CIMA11	325.000,000000	3.095,430000	-	328.095,430000	Padrão - SND	Reg.	
19/05/2016	CIMA11	325.000,000000	2.888,154750	-	327.888,154750	Padrão - SND	Reg.	
18/05/2016	CIMA11	325.000,000000	2.681,009500	-	327.681,009500	Padrão - SND	Reg.	
17/05/2016	CIMA11	325.000,000000	2.473,994250	-	327.473,994250	Padrão - SND	Reg.	
16/05/2016	CIMA11	325.000,000000	2.267,112250	-	327.267,112250	Padrão - SND	Reg.	
13/05/2016	CIMA11	325.000,000000	2.060,357000	-	327.060,357000	Padrão - SND	Reg.	
12/05/2016	CIMA11	325.000,000000	1.853,735000	-	326.853,735000	Padrão - SND	Reg.	
11/05/2016	CIMA11	325.000,000000	1.647,243000	-	326.647,243000	Padrão - SND	Reg.	
10/05/2016	CIMA11	325.000,000000	1.440,884250	-	326.440,884250	Padrão - SND	Reg.	
09/05/2016	CIMA11	325.000,000000	1.234,652250	-	326.234,652250	Padrão - SND	Reg.	
06/05/2016	CIMA11	325.000,000000	1.028,550250	-	326.028,550250	Padrão - SND	Reg.	
05/05/2016	CIMA11	325.000,000000	822,581500	-	325.822,581500	Padrão - SND	Reg.	
04/05/2016	CIMA11	325.000,000000	616,739500	-	325.616,739500	Padrão - SND	Reg.	
03/05/2016	CIMA11	325.000,000000	411,030750	-	325.411,030750	Padrão - SND	Reg.	
02/05/2016	CIMA11	325.000,000000	205,452000	-	325.205,452000	Padrão - SND	Reg.	
29/04/2016	CIMA11	325.000,000000	-  	-	325.000,000000	Padrão - SND	Reg.	
28/04/2016	CIMA11	325.000,000000	4.966,822250	-	329.966,822250	Padrão - SND	Reg.	
27/04/2016	CIMA11	325.000,000000	4.758,364000	-	329.758,364000	Padrão - SND	Reg.	
26/04/2016	CIMA11	325.000,000000	4.550,035750	-	329.550,035750	Padrão - SND	Reg.	
25/04/2016	CIMA11	325.000,000000	4.341,840750	-	329.341,840750	Padrão - SND	Reg.	
22/04/2016	CIMA11	325.000,000000	4.133,779000	-	329.133,779000	Padrão - SND	Reg.	
20/04/2016	CIMA11	325.000,000000	3.925,847250	-	328.925,847250	Padrão - SND	Reg.	
19/04/2016	CIMA11	325.000,000000	3.718,045500	-	328.718,045500	Padrão - SND	Reg.	
18/04/2016	CIMA11	325.000,000000	3.510,377000	-	328.510,377000	Padrão - SND	Reg.	
15/04/2016	CIMA11	325.000,000000	3.302,838500	-	328.302,838500	Padrão - SND	Reg.	
14/04/2016	CIMA11	325.000,000000	3.095,430000	-	328.095,430000	Padrão - SND	Reg.	
13/04/2016	CIMA11	325.000,000000	2.888,154750	-	327.888,154750	Padrão - SND	Reg.	
12/04/2016	CIMA11	325.000,000000	2.681,009500	-	327.681,009500	Padrão - SND	Reg.	
11/04/2016	CIMA11	325.000,000000	2.473,994250	-	327.473,994250	Padrão - SND	Reg.	
08/04/2016	CIMA11	325.000,000000	2.267,112250	-	327.267,112250	Padrão - SND	Reg.	
07/04/2016	CIMA11	325.000,000000	2.060,357000	-	327.060,357000	Padrão - SND	Reg.	
06/04/2016	CIMA11	325.000,000000	1.853,735000	-	326.853,735000	Padrão - SND	Reg.	
05/04/2016	CIMA11	325.000,000000	1.647,243000	-	326.647,243000	Padrão - SND	Reg.	
04/04/2016	CIMA11	325.000,000000	1.440,884250	-	326.440,884250	Padrão - SND	Reg.	
01/04/2016	CIMA11	325.000,000000	1.234,652250	-	326.234,652250	Padrão - SND	Reg.	
31/03/2016	CIMA11	325.000,000000	1.028,550250	-	326.028,550250	Padrão - SND	Reg.	
30/03/2016	CIMA11	325.000,000000	822,581500	-	325.822,581500	Padrão - SND	Reg.	
29/03/2016	CIMA11	325.000,000000	616,739500	-	325.616,739500	Padrão - SND	Reg.	
28/03/2016	CIMA11	325.000,000000	411,030750	-	325.411,030750	Padrão - SND	Reg.	
24/03/2016	CIMA11	325.000,000000	205,452000	-	325.205,452000	Padrão - SND	Reg.	
23/03/2016	CIMA11	325.000,000000	-  	5.400,000000	325.000,000000	Padrão - SND	Reg.	
22/03/2016	CIMA11	1.000.000,000000	63.915,160000	-	1.063.915,160000	Padrão - SND	Reg.	
21/03/2016	CIMA11	1.000.000,000000	63.243,020000	-	1.063.243,020000	Padrão - SND	Reg.	
18/03/2016	CIMA11	1.000.000,000000	62.571,310000	-	1.062.571,310000	Padrão - SND	Reg.	
17/03/2016	CIMA11	1.000.000,000000	61.900,030000	-	1.061.900,030000	Padrão - SND	Reg.	
16/03/2016	CIMA11	1.000.000,000000	61.229,160000	-	1.061.229,160000	Padrão - SND	Reg.	
15/03/2016	CIMA11	1.000.000,000000	60.558,730000	-	1.060.558,730000	Padrão - SND	Reg.	
14/03/2016	CIMA11	1.000.000,000000	59.888,710000	-	1.059.888,710000	Padrão - SND	Reg.	
11/03/2016	CIMA11	1.000.000,000000	59.219,120000	-	1.059.219,120000	Padrão - SND	Reg.	
10/03/2016	CIMA11	1.000.000,000000	58.549,950000	-	1.058.549,950000	Padrão - SND	Reg.	
09/03/2016	CIMA11	1.000.000,000000	57.881,210000	-	1.057.881,210000	Padrão - SND	Reg.	
08/03/2016	CIMA11	1.000.000,000000	57.212,890000	-	1.057.212,890000	Padrão - SND	Reg.	
07/03/2016	CIMA11	1.000.000,000000	56.544,990000	-	1.056.544,990000	Padrão - SND	Reg.	
04/03/2016	CIMA11	1.000.000,000000	55.877,510000	-	1.055.877,510000	Padrão - SND	Reg.	
03/03/2016	CIMA11	1.000.000,000000	55.210,450000	-	1.055.210,450000	Padrão - SND	Reg.	
02/03/2016	CIMA11	1.000.000,000000	54.543,820000	-	1.054.543,820000	Padrão - SND	Reg.	
01/03/2016	CIMA11	1.000.000,000000	53.877,600000	-	1.053.877,600000	Padrão - SND	Reg.	
29/02/2016	CIMA11	1.000.000,000000	53.211,810000	-	1.053.211,810000	Padrão - SND	Reg.	
26/02/2016	CIMA11	1.000.000,000000	52.546,440000	-	1.052.546,440000	Padrão - SND	Reg.	
25/02/2016	CIMA11	1.000.000,000000	51.881,480000	-	1.051.881,480000	Padrão - SND	Reg.	
24/02/2016	CIMA11	1.000.000,000000	51.216,950000	-	1.051.216,950000	Padrão - SND	Reg.	
23/02/2016	CIMA11	1.000.000,000000	50.552,840000	-	1.050.552,840000	Padrão - SND	Reg.	
22/02/2016	CIMA11	1.000.000,000000	49.889,150000	-	1.049.889,150000	Padrão - SND	Reg.	
19/02/2016	CIMA11	1.000.000,000000	49.225,870000	-	1.049.225,870000	Padrão - SND	Reg.	
18/02/2016	CIMA11	1.000.000,000000	48.563,020000	-	1.048.563,020000	Padrão - SND	Reg.	
17/02/2016	CIMA11	1.000.000,000000	47.900,580000	-	1.047.900,580000	Padrão - SND	Reg.	
16/02/2016	CIMA11	1.000.000,000000	47.238,570000	-	1.047.238,570000	Padrão - SND	Reg.	
15/02/2016	CIMA11	1.000.000,000000	46.576,970000	-	1.046.576,970000	Padrão - SND	Reg.	
12/02/2016	CIMA11	1.000.000,000000	45.915,790000	-	1.045.915,790000	Padrão - SND	Reg.	
11/02/2016	CIMA11	1.000.000,000000	45.255,020000	-	1.045.255,020000	Padrão - SND	Reg.	
10/02/2016	CIMA11	1.000.000,000000	44.594,680000	-	1.044.594,680000	Padrão - SND	Reg.	
05/02/2016	CIMA11	1.000.000,000000	43.934,750000	-	1.043.934,750000	Padrão - SND	Reg.	
04/02/2016	CIMA11	1.000.000,000000	43.275,240000	-	1.043.275,240000	Padrão - SND	Reg.	
03/02/2016	CIMA11	1.000.000,000000	42.616,140000	-	1.042.616,140000	Padrão - SND	Reg.	
02/02/2016	CIMA11	1.000.000,000000	41.957,460000	-	1.041.957,460000	Padrão - SND	Reg.	
01/02/2016	CIMA11	1.000.000,000000	41.299,200000	-	1.041.299,200000	Padrão - SND	Reg.	
29/01/2016	CIMA11	1.000.000,000000	40.641,350000	-	1.040.641,350000	Padrão - SND	Reg.	
28/01/2016	CIMA11	1.000.000,000000	39.983,920000	-	1.039.983,920000	Padrão - SND	Reg.	
27/01/2016	CIMA11	1.000.000,000000	39.326,910000	-	1.039.326,910000	Padrão - SND	Reg.	
26/01/2016	CIMA11	1.000.000,000000	38.670,310000	-	1.038.670,310000	Padrão - SND	Reg.	
25/01/2016	CIMA11	1.000.000,000000	38.014,120000	-	1.038.014,120000	Padrão - SND	Reg.	
22/01/2016	CIMA11	1.000.000,000000	37.358,350000	-	1.037.358,350000	Padrão - SND	Reg.	
21/01/2016	CIMA11	1.000.000,000000	36.702,990000	-	1.036.702,990000	Padrão - SND	Reg.	
20/01/2016	CIMA11	1.000.000,000000	36.047,610000	-	1.036.047,610000	Padrão - SND	Reg.	
19/01/2016	CIMA11	1.000.000,000000	35.392,650000	-	1.035.392,650000	Padrão - SND	Reg.	
18/01/2016	CIMA11	1.000.000,000000	34.738,100000	-	1.034.738,100000	Padrão - SND	Reg.	
15/01/2016	CIMA11	1.000.000,000000	34.083,960000	-	1.034.083,960000	Padrão - SND	Reg.	
14/01/2016	CIMA11	1.000.000,000000	33.430,230000	-	1.033.430,230000	Padrão - SND	Reg.	
13/01/2016	CIMA11	1.000.000,000000	32.776,920000	-	1.032.776,920000	Padrão - SND	Reg.	
12/01/2016	CIMA11	1.000.000,000000	32.124,030000	-	1.032.124,030000	Padrão - SND	Reg.	
11/01/2016	CIMA11	1.000.000,000000	31.471,540000	-	1.031.471,540000	Padrão - SND	Reg.	
08/01/2016	CIMA11	1.000.000,000000	30.819,470000	-	1.030.819,470000	Padrão - SND	Reg.	
07/01/2016	CIMA11	1.000.000,000000	30.167,810000	-	1.030.167,810000	Padrão - SND	Reg.	
06/01/2016	CIMA11	1.000.000,000000	29.516,560000	-	1.029.516,560000	Padrão - SND	Reg.	
05/01/2016	CIMA11	1.000.000,000000	28.865,720000	-	1.028.865,720000	Padrão - SND	Reg.	
04/01/2016	CIMA11	1.000.000,000000	28.215,300000	-	1.028.215,300000	Padrão - SND	Reg.	
31/12/2015	CIMA11	1.000.000,000000	27.565,280000	-	1.027.565,280000	Padrão - SND	Reg.	
30/12/2015	CIMA11	1.000.000,000000	26.915,680000	-	1.026.915,680000	Padrão - SND	Reg.	
29/12/2015	CIMA11	1.000.000,000000	26.266,490000	-	1.026.266,490000	Padrão - SND	Reg.	
28/12/2015	CIMA11	1.000.000,000000	25.617,710000	-	1.025.617,710000	Padrão - SND	Reg.	
24/12/2015	CIMA11	1.000.000,000000	24.969,340000	-	1.024.969,340000	Padrão - SND	Reg.	
23/12/2015	CIMA11	1.000.000,000000	24.321,370000	-	1.024.321,370000	Padrão - SND	Reg.	
22/12/2015	CIMA11	1.000.000,000000	23.673,820000	-	1.023.673,820000	Padrão - SND	Reg.	
21/12/2015	CIMA11	1.000.000,000000	23.026,680000	-	1.023.026,680000	Padrão - SND	Reg.	
18/12/2015	CIMA11	1.000.000,000000	22.379,940000	-	1.022.379,940000	Padrão - SND	Reg.	
17/12/2015	CIMA11	1.000.000,000000	21.733,620000	-	1.021.733,620000	Padrão - SND	Reg.	
16/12/2015	CIMA11	1.000.000,000000	21.087,700000	-	1.021.087,700000	Padrão - SND	Reg.	
15/12/2015	CIMA11	1.000.000,000000	20.442,190000	-	1.020.442,190000	Padrão - SND	Reg.	
14/12/2015	CIMA11	1.000.000,000000	19.797,090000	-	1.019.797,090000	Padrão - SND	Reg.	
11/12/2015	CIMA11	1.000.000,000000	19.152,400000	-	1.019.152,400000	Padrão - SND	Reg.	
10/12/2015	CIMA11	1.000.000,000000	18.508,120000	-	1.018.508,120000	Padrão - SND	Reg.	
09/12/2015	CIMA11	1.000.000,000000	17.864,240000	-	1.017.864,240000	Padrão - SND	Reg.	
08/12/2015	CIMA11	1.000.000,000000	17.220,770000	-	1.017.220,770000	Padrão - SND	Reg.	
07/12/2015	CIMA11	1.000.000,000000	16.577,710000	-	1.016.577,710000	Padrão - SND	Reg.	
04/12/2015	CIMA11	1.000.000,000000	15.935,050000	-	1.015.935,050000	Padrão - SND	Reg.	
03/12/2015	CIMA11	1.000.000,000000	15.292,800000	-	1.015.292,800000	Padrão - SND	Reg.	
02/12/2015	CIMA11	1.000.000,000000	14.650,950000	-	1.014.650,950000	Padrão - SND	Reg.	
01/12/2015	CIMA11	1.000.000,000000	14.009,520000	-	1.014.009,520000	Padrão - SND	Reg.	
30/11/2015	CIMA11	1.000.000,000000	13.368,480000	-	1.013.368,480000	Padrão - SND	Reg.	
27/11/2015	CIMA11	1.000.000,000000	12.727,850000	-	1.012.727,850000	Padrão - SND	Reg.	
26/11/2015	CIMA11	1.000.000,000000	12.087,630000	-	1.012.087,630000	Padrão - SND	Reg.	
25/11/2015	CIMA11	1.000.000,000000	11.447,810000	-	1.011.447,810000	Padrão - SND	Reg.	
24/11/2015	CIMA11	1.000.000,000000	10.808,400000	-	1.010.808,400000	Padrão - SND	Reg.	
23/11/2015	CIMA11	1.000.000,000000	10.169,390000	-	1.010.169,390000	Padrão - SND	Reg.	
20/11/2015	CIMA11	1.000.000,000000	9.530,780000	-	1.009.530,780000	Padrão - SND	Reg.	
19/11/2015	CIMA11	1.000.000,000000	8.892,580000	-	1.008.892,580000	Padrão - SND	Reg.	
18/11/2015	CIMA11	1.000.000,000000	8.254,780000	-	1.008.254,780000	Padrão - SND	Reg.	
17/11/2015	CIMA11	1.000.000,000000	7.617,390000	-	1.007.617,390000	Padrão - SND	Reg.	
16/11/2015	CIMA11	1.000.000,000000	6.980,400000	-	1.006.980,400000	Padrão - SND	Reg.	
13/11/2015	CIMA11	1.000.000,000000	6.343,810000	-	1.006.343,810000	Padrão - SND	Reg.	
12/11/2015	CIMA11	1.000.000,000000	5.707,620000	-	1.005.707,620000	Padrão - SND	Reg.	
11/11/2015	CIMA11	1.000.000,000000	5.071,830000	-	1.005.071,830000	Padrão - SND	Reg.	
10/11/2015	CIMA11	1.000.000,000000	4.436,450000	-	1.004.436,450000	Padrão - SND	Reg.	
09/11/2015	CIMA11	1.000.000,000000	3.801,470000	-	1.003.801,470000	Padrão - SND	Reg.	
06/11/2015	CIMA11	1.000.000,000000	3.166,890000	-	1.003.166,890000	Padrão - SND	Reg.	
05/11/2015	CIMA11	1.000.000,000000	2.532,710000	-	1.002.532,710000	Padrão - SND	Reg.	
04/11/2015	CIMA11	1.000.000,000000	1.898,930000	-	1.001.898,930000	Padrão - SND	Reg.	
03/11/2015	CIMA11	1.000.000,000000	1.265,550000	-	1.001.265,550000	Padrão - SND	Reg.	
30/10/2015	CIMA11	1.000.000,000000	632,580000	-	1.000.632,580000	Padrão - SND	Reg.	
29/10/2015	CIMA11	1.000.000,000000	-  	-	1.000.000,000000	Padrão - SND	Reg.	
28/10/2015	CIMA11	1.000.000,000000	80.853,130000	-	1.080.853,130000	Padrão - SND	Reg.	
27/10/2015	CIMA11	1.000.000,000000	80.169,840000	-	1.080.169,840000	Padrão - SND	Reg.	
26/10/2015	CIMA11	1.000.000,000000	79.486,980000	-	1.079.486,980000	Padrão - SND	Reg.	
23/10/2015	CIMA11	1.000.000,000000	78.804,560000	-	1.078.804,560000	Padrão - SND	Reg.	
22/10/2015	CIMA11	1.000.000,000000	78.122,560000	-	1.078.122,560000	Padrão - SND	Reg.	
21/10/2015	CIMA11	1.000.000,000000	77.441,450000	-	1.077.441,450000	Padrão - SND	Reg.	
20/10/2015	CIMA11	1.000.000,000000	76.760,770000	-	1.076.760,770000	Padrão - SND	Reg.	
19/10/2015	CIMA11	1.000.000,000000	76.080,520000	-	1.076.080,520000	Padrão - SND	Reg.	
16/10/2015	CIMA11	1.000.000,000000	75.400,700000	-	1.075.400,700000	Padrão - SND	Reg.	
15/10/2015	CIMA11	1.000.000,000000	74.721,310000	-	1.074.721,310000	Padrão - SND	Reg.	
14/10/2015	CIMA11	1.000.000,000000	74.042,350000	-	1.074.042,350000	Padrão - SND	Reg.	
13/10/2015	CIMA11	1.000.000,000000	73.363,820000	-	1.073.363,820000	Padrão - SND	Reg.	
09/10/2015	CIMA11	1.000.000,000000	72.685,710000	-	1.072.685,710000	Padrão - SND	Reg.	
08/10/2015	CIMA11	1.000.000,000000	72.008,040000	-	1.072.008,040000	Padrão - SND	Reg.	
07/10/2015	CIMA11	1.000.000,000000	71.330,790000	-	1.071.330,790000	Padrão - SND	Reg.	
06/10/2015	CIMA11	1.000.000,000000	70.653,970000	-	1.070.653,970000	Padrão - SND	Reg.	
05/10/2015	CIMA11	1.000.000,000000	69.977,580000	-	1.069.977,580000	Padrão - SND	Reg.	
02/10/2015	CIMA11	1.000.000,000000	69.301,610000	-	1.069.301,610000	Padrão - SND	Reg.	
01/10/2015	CIMA11	1.000.000,000000	68.626,080000	-	1.068.626,080000	Padrão - SND	Reg.	
30/09/2015	CIMA11	1.000.000,000000	67.950,970000	-	1.067.950,970000	Padrão - SND	Reg.	
29/09/2015	CIMA11	1.000.000,000000	67.276,280000	-	1.067.276,280000	Padrão - SND	Reg.	
28/09/2015	CIMA11	1.000.000,000000	66.602,020000	-	1.066.602,020000	Padrão - SND	Reg.	
25/09/2015	CIMA11	1.000.000,000000	65.928,190000	-	1.065.928,190000	Padrão - SND	Reg.	
24/09/2015	CIMA11	1.000.000,000000	65.254,790000	-	1.065.254,790000	Padrão - SND	Reg.	
23/09/2015	CIMA11	1.000.000,000000	64.581,810000	-	1.064.581,810000	Padrão - SND	Reg.	
22/09/2015	CIMA11	1.000.000,000000	63.909,250000	-	1.063.909,250000	Padrão - SND	Reg.	
21/09/2015	CIMA11	1.000.000,000000	63.237,120000	-	1.063.237,120000	Padrão - SND	Reg.	
18/09/2015	CIMA11	1.000.000,000000	62.565,410000	-	1.062.565,410000	Padrão - SND	Reg.	
17/09/2015	CIMA11	1.000.000,000000	61.894,130000	-	1.061.894,130000	Padrão - SND	Reg.	
16/09/2015	CIMA11	1.000.000,000000	61.223,270000	-	1.061.223,270000	Padrão - SND	Reg.	
15/09/2015	CIMA11	1.000.000,000000	60.552,840000	-	1.060.552,840000	Padrão - SND	Reg.	
14/09/2015	CIMA11	1.000.000,000000	59.882,830000	-	1.059.882,830000	Padrão - SND	Reg.	
11/09/2015	CIMA11	1.000.000,000000	59.213,240000	-	1.059.213,240000	Padrão - SND	Reg.	
10/09/2015	CIMA11	1.000.000,000000	58.544,080000	-	1.058.544,080000	Padrão - SND	Reg.	
09/09/2015	CIMA11	1.000.000,000000	57.875,340000	-	1.057.875,340000	Padrão - SND	Reg.	
08/09/2015	CIMA11	1.000.000,000000	57.207,020000	-	1.057.207,020000	Padrão - SND	Reg.	
04/09/2015	CIMA11	1.000.000,000000	56.539,120000	-	1.056.539,120000	Padrão - SND	Reg.	
03/09/2015	CIMA11	1.000.000,000000	55.871,650000	-	1.055.871,650000	Padrão - SND	Reg.	
02/09/2015	CIMA11	1.000.000,000000	55.204,590000	-	1.055.204,590000	Padrão - SND	Reg.	
01/09/2015	CIMA11	1.000.000,000000	54.537,960000	-	1.054.537,960000	Padrão - SND	Reg.	
31/08/2015	CIMA11	1.000.000,000000	53.871,750000	-	1.053.871,750000	Padrão - SND	Reg.	
28/08/2015	CIMA11	1.000.000,000000	53.205,960000	-	1.053.205,960000	Padrão - SND	Reg.	
27/08/2015	CIMA11	1.000.000,000000	52.540,590000	-	1.052.540,590000	Padrão - SND	Reg.	
26/08/2015	CIMA11	1.000.000,000000	51.875,650000	-	1.051.875,650000	Padrão - SND	Reg.	
25/08/2015	CIMA11	1.000.000,000000	51.211,120000	-	1.051.211,120000	Padrão - SND	Reg.	
24/08/2015	CIMA11	1.000.000,000000	50.547,010000	-	1.050.547,010000	Padrão - SND	Reg.	
21/08/2015	CIMA11	1.000.000,000000	49.883,320000	-	1.049.883,320000	Padrão - SND	Reg.	
20/08/2015	CIMA11	1.000.000,000000	49.220,050000	-	1.049.220,050000	Padrão - SND	Reg.	
19/08/2015	CIMA11	1.000.000,000000	48.557,200000	-	1.048.557,200000	Padrão - SND	Reg.	
18/08/2015	CIMA11	1.000.000,000000	47.894,770000	-	1.047.894,770000	Padrão - SND	Reg.	
17/08/2015	CIMA11	1.000.000,000000	47.232,750000	-	1.047.232,750000	Padrão - SND	Reg.	
14/08/2015	CIMA11	1.000.000,000000	46.571,160000	-	1.046.571,160000	Padrão - SND	Reg.	
13/08/2015	CIMA11	1.000.000,000000	45.909,980000	-	1.045.909,980000	Padrão - SND	Reg.	
12/08/2015	CIMA11	1.000.000,000000	45.249,220000	-	1.045.249,220000	Padrão - SND	Reg.	
11/08/2015	CIMA11	1.000.000,000000	44.588,880000	-	1.044.588,880000	Padrão - SND	Reg.	
10/08/2015	CIMA11	1.000.000,000000	43.928,960000	-	1.043.928,960000	Padrão - SND	Reg.	
07/08/2015	CIMA11	1.000.000,000000	43.269,450000	-	1.043.269,450000	Padrão - SND	Reg.	
06/08/2015	CIMA11	1.000.000,000000	42.610,360000	-	1.042.610,360000	Padrão - SND	Reg.	
05/08/2015	CIMA11	1.000.000,000000	41.951,680000	-	1.041.951,680000	Padrão - SND	Reg.	
04/08/2015	CIMA11	1.000.000,000000	41.293,420000	-	1.041.293,420000	Padrão - SND	Reg.	
03/08/2015	CIMA11	1.000.000,000000	40.635,580000	-	1.040.635,580000	Padrão - SND	Reg.	
31/07/2015	CIMA11	1.000.000,000000	39.978,150000	-	1.039.978,150000	Padrão - SND	Reg.	
30/07/2015	CIMA11	1.000.000,000000	39.321,140000	-	1.039.321,140000	Padrão - SND	Reg.	
29/07/2015	CIMA11	1.000.000,000000	38.685,910000	-	1.038.685,910000	Padrão - SND	Reg.	
28/07/2015	CIMA11	1.000.000,000000	38.051,060000	-	1.038.051,060000	Padrão - SND	Reg.	
27/07/2015	CIMA11	1.000.000,000000	37.416,600000	-	1.037.416,600000	Padrão - SND	Reg.	
24/07/2015	CIMA11	1.000.000,000000	36.782,540000	-	1.036.782,540000	Padrão - SND	Reg.	
23/07/2015	CIMA11	1.000.000,000000	36.148,850000	-	1.036.148,850000	Padrão - SND	Reg.	
22/07/2015	CIMA11	1.000.000,000000	35.515,560000	-	1.035.515,560000	Padrão - SND	Reg.	
21/07/2015	CIMA11	1.000.000,000000	34.882,650000	-	1.034.882,650000	Padrão - SND	Reg.	
20/07/2015	CIMA11	1.000.000,000000	34.250,130000	-	1.034.250,130000	Padrão - SND	Reg.	
17/07/2015	CIMA11	1.000.000,000000	33.618,000000	-	1.033.618,000000	Padrão - SND	Reg.	
16/07/2015	CIMA11	1.000.000,000000	32.986,250000	-	1.032.986,250000	Padrão - SND	Reg.	
15/07/2015	CIMA11	1.000.000,000000	32.354,890000	-	1.032.354,890000	Padrão - SND	Reg.	
14/07/2015	CIMA11	1.000.000,000000	31.723,920000	-	1.031.723,920000	Padrão - SND	Reg.	
13/07/2015	CIMA11	1.000.000,000000	31.093,330000	-	1.031.093,330000	Padrão - SND	Reg.	
10/07/2015	CIMA11	1.000.000,000000	30.463,120000	-	1.030.463,120000	Padrão - SND	Reg.	
09/07/2015	CIMA11	1.000.000,000000	29.833,300000	-	1.029.833,300000	Padrão - SND	Reg.	
08/07/2015	CIMA11	1.000.000,000000	29.203,870000	-	1.029.203,870000	Padrão - SND	Reg.	
07/07/2015	CIMA11	1.000.000,000000	28.574,820000	-	1.028.574,820000	Padrão - SND	Reg.	
06/07/2015	CIMA11	1.000.000,000000	27.946,160000	-	1.027.946,160000	Padrão - SND	Reg.	
03/07/2015	CIMA11	1.000.000,000000	27.317,880000	-	1.027.317,880000	Padrão - SND	Reg.	
02/07/2015	CIMA11	1.000.000,000000	26.689,980000	-	1.026.689,980000	Padrão - SND	Reg.	
01/07/2015	CIMA11	1.000.000,000000	26.062,470000	-	1.026.062,470000	Padrão - SND	Reg.	
30/06/2015	CIMA11	1.000.000,000000	25.435,340000	-	1.025.435,340000	Padrão - SND	Reg.	
29/06/2015	CIMA11	1.000.000,000000	24.808,590000	-	1.024.808,590000	Padrão - SND	Reg.	
26/06/2015	CIMA11	1.000.000,000000	24.182,230000	-	1.024.182,230000	Padrão - SND	Reg.	
25/06/2015	CIMA11	1.000.000,000000	23.556,250000	-	1.023.556,250000	Padrão - SND	Reg.	
24/06/2015	CIMA11	1.000.000,000000	22.930,650000	-	1.022.930,650000	Padrão - SND	Reg.	
23/06/2015	CIMA11	1.000.000,000000	22.305,440000	-	1.022.305,440000	Padrão - SND	Reg.	
22/06/2015	CIMA11	1.000.000,000000	21.680,600000	-	1.021.680,600000	Padrão - SND	Reg.	
19/06/2015	CIMA11	1.000.000,000000	21.056,150000	-	1.021.056,150000	Padrão - SND	Reg.	
18/06/2015	CIMA11	1.000.000,000000	20.432,080000	-	1.020.432,080000	Padrão - SND	Reg.	
17/06/2015	CIMA11	1.000.000,000000	19.808,390000	-	1.019.808,390000	Padrão - SND	Reg.	
16/06/2015	CIMA11	1.000.000,000000	19.185,090000	-	1.019.185,090000	Padrão - SND	Reg.	
15/06/2015	CIMA11	1.000.000,000000	18.562,160000	-	1.018.562,160000	Padrão - SND	Reg.	
12/06/2015	CIMA11	1.000.000,000000	17.939,620000	-	1.017.939,620000	Padrão - SND	Reg.	
11/06/2015	CIMA11	1.000.000,000000	17.317,450000	-	1.017.317,450000	Padrão - SND	Reg.	
10/06/2015	CIMA11	1.000.000,000000	16.695,670000	-	1.016.695,670000	Padrão - SND	Reg.	
09/06/2015	CIMA11	1.000.000,000000	16.074,260000	-	1.016.074,260000	Padrão - SND	Reg.	
08/06/2015	CIMA11	1.000.000,000000	15.453,240000	-	1.015.453,240000	Padrão - SND	Reg.	
05/06/2015	CIMA11	1.000.000,000000	14.832,590000	-	1.014.832,590000	Padrão - SND	Reg.	
03/06/2015	CIMA11	1.000.000,000000	14.234,140000	-	1.014.234,140000	Padrão - SND	Reg.	
02/06/2015	CIMA11	1.000.000,000000	13.636,040000	-	1.013.636,040000	Padrão - SND	Reg.	
01/06/2015	CIMA11	1.000.000,000000	13.038,300000	-	1.013.038,300000	Padrão - SND	Reg.	
29/05/2015	CIMA11	1.000.000,000000	12.440,910000	-	1.012.440,910000	Padrão - SND	Reg.	
28/05/2015	CIMA11	1.000.000,000000	11.843,870000	-	1.011.843,870000	Padrão - SND	Reg.	
27/05/2015	CIMA11	1.000.000,000000	11.247,180000	-	1.011.247,180000	Padrão - SND	Reg.	
26/05/2015	CIMA11	1.000.000,000000	10.650,840000	-	1.010.650,840000	Padrão - SND	Reg.	
25/05/2015	CIMA11	1.000.000,000000	10.054,850000	-	1.010.054,850000	Padrão - SND	Reg.	
22/05/2015	CIMA11	1.000.000,000000	9.459,220000	-	1.009.459,220000	Padrão - SND	Reg.	
21/05/2015	CIMA11	1.000.000,000000	8.863,940000	-	1.008.863,940000	Padrão - SND	Reg.	
20/05/2015	CIMA11	1.000.000,000000	8.269,010000	-	1.008.269,010000	Padrão - SND	Reg.	
19/05/2015	CIMA11	1.000.000,000000	7.674,430000	-	1.007.674,430000	Padrão - SND	Reg.	
18/05/2015	CIMA11	1.000.000,000000	7.080,200000	-	1.007.080,200000	Padrão - SND	Reg.	
15/05/2015	CIMA11	1.000.000,000000	6.486,320000	-	1.006.486,320000	Padrão - SND	Reg.	
14/05/2015	CIMA11	1.000.000,000000	5.892,790000	-	1.005.892,790000	Padrão - SND	Reg.	
13/05/2015	CIMA11	1.000.000,000000	5.299,610000	-	1.005.299,610000	Padrão - SND	Reg.	
12/05/2015	CIMA11	1.000.000,000000	4.706,780000	-	1.004.706,780000	Padrão - SND	Reg.	
11/05/2015	CIMA11	1.000.000,000000	4.114,300000	-	1.004.114,300000	Padrão - SND	Reg.	
08/05/2015	CIMA11	1.000.000,000000	3.522,170000	-	1.003.522,170000	Padrão - SND	Reg.	
07/05/2015	CIMA11	1.000.000,000000	2.930,390000	-	1.002.930,390000	Padrão - SND	Reg.	
06/05/2015	CIMA11	1.000.000,000000	2.338,950000	-	1.002.338,950000	Padrão - SND	Reg.	
05/05/2015	CIMA11	1.000.000,000000	1.747,870000	-	1.001.747,870000	Padrão - SND	Reg.	
04/05/2015	CIMA11	1.000.000,000000	1.157,980000	-	1.001.157,980000	Padrão - SND	Reg.	
30/04/2015	CIMA11	1.000.000,000000	568,430000	-	1.000.568,430000	Padrão - SND	Reg.	
29/04/2015	CIMA11	1.000.000,000000	-  	-	1.000.000,000000	Padrão - SND	Reg.	
28/04/2015	CIMA11	1.000.000,000000	68.279,360000	-	1.068.279,360000	Padrão - SND	Reg.	
27/04/2015	CIMA11	1.000.000,000000	67.672,910000	-	1.067.672,910000	Padrão - SND	Reg.	
24/04/2015	CIMA11	1.000.000,000000	67.067,250000	-	1.067.067,250000	Padrão - SND	Reg.	
23/04/2015	CIMA11	1.000.000,000000	66.461,940000	-	1.066.461,940000	Padrão - SND	Reg.	
22/04/2015	CIMA11	1.000.000,000000	65.856,970000	-	1.065.856,970000	Padrão - SND	Reg.	
20/04/2015	CIMA11	1.000.000,000000	65.252,340000	-	1.065.252,340000	Padrão - SND	Reg.	
17/04/2015	CIMA11	1.000.000,000000	64.648,050000	-	1.064.648,050000	Padrão - SND	Reg.	
16/04/2015	CIMA11	1.000.000,000000	64.044,110000	-	1.064.044,110000	Padrão - SND	Reg.	
15/04/2015	CIMA11	1.000.000,000000	63.440,510000	-	1.063.440,510000	Padrão - SND	Reg.	
14/04/2015	CIMA11	1.000.000,000000	62.837,250000	-	1.062.837,250000	Padrão - SND	Reg.	
13/04/2015	CIMA11	1.000.000,000000	62.234,340000	-	1.062.234,340000	Padrão - SND	Reg.	
10/04/2015	CIMA11	1.000.000,000000	61.631,770000	-	1.061.631,770000	Padrão - SND	Reg.	
09/04/2015	CIMA11	1.000.000,000000	61.029,540000	-	1.061.029,540000	Padrão - SND	Reg.	
08/04/2015	CIMA11	1.000.000,000000	60.427,650000	-	1.060.427,650000	Padrão - SND	Reg.	
07/04/2015	CIMA11	1.000.000,000000	59.826,100000	-	1.059.826,100000	Padrão - SND	Reg.	
06/04/2015	CIMA11	1.000.000,000000	59.224,890000	-	1.059.224,890000	Padrão - SND	Reg.	
02/04/2015	CIMA11	1.000.000,000000	58.624,030000	-	1.058.624,030000	Padrão - SND	Reg.	
01/04/2015	CIMA11	1.000.000,000000	58.023,500000	-	1.058.023,500000	Padrão - SND	Reg.	
31/03/2015	CIMA11	1.000.000,000000	57.423,320000	-	1.057.423,320000	Padrão - SND	Reg.	
30/03/2015	CIMA11	1.000.000,000000	56.823,470000	-	1.056.823,470000	Padrão - SND	Reg.	
27/03/2015	CIMA11	1.000.000,000000	56.223,520000	-	1.056.223,520000	Padrão - SND	Reg.	
26/03/2015	CIMA11	1.000.000,000000	55.623,920000	-	1.055.623,920000	Padrão - SND	Reg.	
25/03/2015	CIMA11	1.000.000,000000	55.024,650000	-	1.055.024,650000	Padrão - SND	Reg.	
24/03/2015	CIMA11	1.000.000,000000	54.425,720000	-	1.054.425,720000	Padrão - SND	Reg.	
23/03/2015	CIMA11	1.000.000,000000	53.827,130000	-	1.053.827,130000	Padrão - SND	Reg.	
20/03/2015	CIMA11	1.000.000,000000	53.229,330000	-	1.053.229,330000	Padrão - SND	Reg.	
19/03/2015	CIMA11	1.000.000,000000	52.631,870000	-	1.052.631,870000	Padrão - SND	Reg.	
18/03/2015	CIMA11	1.000.000,000000	52.034,740000	-	1.052.034,740000	Padrão - SND	Reg.	
17/03/2015	CIMA11	1.000.000,000000	51.437,950000	-	1.051.437,950000	Padrão - SND	Reg.	
16/03/2015	CIMA11	1.000.000,000000	50.841,510000	-	1.050.841,510000	Padrão - SND	Reg.	
13/03/2015	CIMA11	1.000.000,000000	50.245,400000	-	1.050.245,400000	Padrão - SND	Reg.	
12/03/2015	CIMA11	1.000.000,000000	49.649,620000	-	1.049.649,620000	Padrão - SND	Reg.	
11/03/2015	CIMA11	1.000.000,000000	49.054,190000	-	1.049.054,190000	Padrão - SND	Reg.	
10/03/2015	CIMA11	1.000.000,000000	48.459,090000	-	1.048.459,090000	Padrão - SND	Reg.	
09/03/2015	CIMA11	1.000.000,000000	47.864,330000	-	1.047.864,330000	Padrão - SND	Reg.	
06/03/2015	CIMA11	1.000.000,000000	47.269,910000	-	1.047.269,910000	Padrão - SND	Reg.	
05/03/2015	CIMA11	1.000.000,000000	46.675,830000	-	1.046.675,830000	Padrão - SND	Reg.	
04/03/2015	CIMA11	1.000.000,000000	46.104,790000	-	1.046.104,790000	Padrão - SND	Reg.	
03/03/2015	CIMA11	1.000.000,000000	45.534,050000	-	1.045.534,050000	Padrão - SND	Reg.	
02/03/2015	CIMA11	1.000.000,000000	44.963,630000	-	1.044.963,630000	Padrão - SND	Reg.	
27/02/2015	CIMA11	1.000.000,000000	44.393,520000	-	1.044.393,520000	Padrão - SND	Reg.	
26/02/2015	CIMA11	1.000.000,000000	43.823,720000	-	1.043.823,720000	Padrão - SND	Reg.	
25/02/2015	CIMA11	1.000.000,000000	43.254,230000	-	1.043.254,230000	Padrão - SND	Reg.	
24/02/2015	CIMA11	1.000.000,000000	42.685,050000	-	1.042.685,050000	Padrão - SND	Reg.	
23/02/2015	CIMA11	1.000.000,000000	42.116,190000	-	1.042.116,190000	Padrão - SND	Reg.	
20/02/2015	CIMA11	1.000.000,000000	41.547,630000	-	1.041.547,630000	Padrão - SND	Reg.	
19/02/2015	CIMA11	1.000.000,000000	40.979,380000	-	1.040.979,380000	Padrão - SND	Reg.	
18/02/2015	CIMA11	1.000.000,000000	40.411,450000	-	1.040.411,450000	Padrão - SND	Reg.	
13/02/2015	CIMA11	1.000.000,000000	39.843,820000	-	1.039.843,820000	Padrão - SND	Reg.	
12/02/2015	CIMA11	1.000.000,000000	39.276,500000	-	1.039.276,500000	Padrão - SND	Reg.	
11/02/2015	CIMA11	1.000.000,000000	38.709,490000	-	1.038.709,490000	Padrão - SND	Reg.	
10/02/2015	CIMA11	1.000.000,000000	38.142,800000	-	1.038.142,800000	Padrão - SND	Reg.	
09/02/2015	CIMA11	1.000.000,000000	37.576,410000	-	1.037.576,410000	Padrão - SND	Reg.	
06/02/2015	CIMA11	1.000.000,000000	37.010,330000	-	1.037.010,330000	Padrão - SND	Reg.	
05/02/2015	CIMA11	1.000.000,000000	36.444,560000	-	1.036.444,560000	Padrão - SND	Reg.	
04/02/2015	CIMA11	1.000.000,000000	35.879,090000	-	1.035.879,090000	Padrão - SND	Reg.	
03/02/2015	CIMA11	1.000.000,000000	35.313,940000	-	1.035.313,940000	Padrão - SND	Reg.	
02/02/2015	CIMA11	1.000.000,000000	34.749,540000	-	1.034.749,540000	Padrão - SND	Reg.	
30/01/2015	CIMA11	1.000.000,000000	34.185,450000	-	1.034.185,450000	Padrão - SND	Reg.	
29/01/2015	CIMA11	1.000.000,000000	33.621,670000	-	1.033.621,670000	Padrão - SND	Reg.	
28/01/2015	CIMA11	1.000.000,000000	33.058,200000	-	1.033.058,200000	Padrão - SND	Reg.	
27/01/2015	CIMA11	1.000.000,000000	32.495,030000	-	1.032.495,030000	Padrão - SND	Reg.	
26/01/2015	CIMA11	1.000.000,000000	31.932,170000	-	1.031.932,170000	Padrão - SND	Reg.	
23/01/2015	CIMA11	1.000.000,000000	31.369,610000	-	1.031.369,610000	Padrão - SND	Reg.	
22/01/2015	CIMA11	1.000.000,000000	30.806,920000	-	1.030.806,920000	Padrão - SND	Reg.	
21/01/2015	CIMA11	1.000.000,000000	30.267,440000	-	1.030.267,440000	Padrão - SND	Reg.	
20/01/2015	CIMA11	1.000.000,000000	29.728,240000	-	1.029.728,240000	Padrão - SND	Reg.	
19/01/2015	CIMA11	1.000.000,000000	29.189,320000	-	1.029.189,320000	Padrão - SND	Reg.	
16/01/2015	CIMA11	1.000.000,000000	28.650,690000	-	1.028.650,690000	Padrão - SND	Reg.	
15/01/2015	CIMA11	1.000.000,000000	28.112,330000	-	1.028.112,330000	Padrão - SND	Reg.	
14/01/2015	CIMA11	1.000.000,000000	27.574,260000	-	1.027.574,260000	Padrão - SND	Reg.	
13/01/2015	CIMA11	1.000.000,000000	27.036,470000	-	1.027.036,470000	Padrão - SND	Reg.	
12/01/2015	CIMA11	1.000.000,000000	26.498,960000	-	1.026.498,960000	Padrão - SND	Reg.	
09/01/2015	CIMA11	1.000.000,000000	25.961,740000	-	1.025.961,740000	Padrão - SND	Reg.	
08/01/2015	CIMA11	1.000.000,000000	25.424,790000	-	1.025.424,790000	Padrão - SND	Reg.	
07/01/2015	CIMA11	1.000.000,000000	24.888,130000	-	1.024.888,130000	Padrão - SND	Reg.	
06/01/2015	CIMA11	1.000.000,000000	24.351,740000	-	1.024.351,740000	Padrão - SND	Reg.	
05/01/2015	CIMA11	1.000.000,000000	23.815,640000	-	1.023.815,640000	Padrão - SND	Reg.	
02/01/2015	CIMA11	1.000.000,000000	23.279,820000	-	1.023.279,820000	Padrão - SND	Reg.	
31/12/2014	CIMA11	1.000.000,000000	22.744,270000	-	1.022.744,270000	Padrão - SND	Reg.	
30/12/2014	CIMA11	1.000.000,000000	22.209,010000	-	1.022.209,010000	Padrão - SND	Reg.	
29/12/2014	CIMA11	1.000.000,000000	21.673,160000	-	1.021.673,160000	Padrão - SND	Reg.	
26/12/2014	CIMA11	1.000.000,000000	21.138,450000	-	1.021.138,450000	Padrão - SND	Reg.	
24/12/2014	CIMA11	1.000.000,000000	20.604,030000	-	1.020.604,030000	Padrão - SND	Reg.	
23/12/2014	CIMA11	1.000.000,000000	20.069,890000	-	1.020.069,890000	Padrão - SND	Reg.	
22/12/2014	CIMA11	1.000.000,000000	19.535,160000	-	1.019.535,160000	Padrão - SND	Reg.	
19/12/2014	CIMA11	1.000.000,000000	19.000,700000	-	1.019.000,700000	Padrão - SND	Reg.	
18/12/2014	CIMA11	1.000.000,000000	18.466,530000	-	1.018.466,530000	Padrão - SND	Reg.	
17/12/2014	CIMA11	1.000.000,000000	17.932,630000	-	1.017.932,630000	Padrão - SND	Reg.	
16/12/2014	CIMA11	1.000.000,000000	17.399,020000	-	1.017.399,020000	Padrão - SND	Reg.	
15/12/2014	CIMA11	1.000.000,000000	16.865,690000	-	1.016.865,690000	Padrão - SND	Reg.	
12/12/2014	CIMA11	1.000.000,000000	16.332,630000	-	1.016.332,630000	Padrão - SND	Reg.	
11/12/2014	CIMA11	1.000.000,000000	15.799,860000	-	1.015.799,860000	Padrão - SND	Reg.	
10/12/2014	CIMA11	1.000.000,000000	15.268,230000	-	1.015.268,230000	Padrão - SND	Reg.	
09/12/2014	CIMA11	1.000.000,000000	14.736,880000	-	1.014.736,880000	Padrão - SND	Reg.	
08/12/2014	CIMA11	1.000.000,000000	14.204,940000	-	1.014.204,940000	Padrão - SND	Reg.	
05/12/2014	CIMA11	1.000.000,000000	13.673,280000	-	1.013.673,280000	Padrão - SND	Reg.	
04/12/2014	CIMA11	1.000.000,000000	13.141,900000	-	1.013.141,900000	Padrão - SND	Reg.	
03/12/2014	CIMA11	1.000.000,000000	12.632,540000	-	1.012.632,540000	Padrão - SND	Reg.	
02/12/2014	CIMA11	1.000.000,000000	12.124,750000	-	1.012.124,750000	Padrão - SND	Reg.	
01/12/2014	CIMA11	1.000.000,000000	11.617,200000	-	1.011.617,200000	Padrão - SND	Reg.	
28/11/2014	CIMA11	1.000.000,000000	11.109,920000	-	1.011.109,920000	Padrão - SND	Reg.	
27/11/2014	CIMA11	1.000.000,000000	10.601,580000	-	1.010.601,580000	Padrão - SND	Reg.	
26/11/2014	CIMA11	1.000.000,000000	10.093,500000	-	1.010.093,500000	Padrão - SND	Reg.	
25/11/2014	CIMA11	1.000.000,000000	9.585,670000	-	1.009.585,670000	Padrão - SND	Reg.	
24/11/2014	CIMA11	1.000.000,000000	9.078,110000	-	1.009.078,110000	Padrão - SND	Reg.	
21/11/2014	CIMA11	1.000.000,000000	8.570,790000	-	1.008.570,790000	Padrão - SND	Reg.	
20/11/2014	CIMA11	1.000.000,000000	8.063,730000	-	1.008.063,730000	Padrão - SND	Reg.	
19/11/2014	CIMA11	1.000.000,000000	7.556,930000	-	1.007.556,930000	Padrão - SND	Reg.	
18/11/2014	CIMA11	1.000.000,000000	7.050,380000	-	1.007.050,380000	Padrão - SND	Reg.	
17/11/2014	CIMA11	1.000.000,000000	6.544,080000	-	1.006.544,080000	Padrão - SND	Reg.	
14/11/2014	CIMA11	1.000.000,000000	6.038,040000	-	1.006.038,040000	Padrão - SND	Reg.	
13/11/2014	CIMA11	1.000.000,000000	5.532,260000	-	1.005.532,260000	Padrão - SND	Reg.	
12/11/2014	CIMA11	1.000.000,000000	5.026,730000	-	1.005.026,730000	Padrão - SND	Reg.	
11/11/2014	CIMA11	1.000.000,000000	4.521,450000	-	1.004.521,450000	Padrão - SND	Reg.	
10/11/2014	CIMA11	1.000.000,000000	4.016,420000	-	1.004.016,420000	Padrão - SND	Reg.	
07/11/2014	CIMA11	1.000.000,000000	3.511,650000	-	1.003.511,650000	Padrão - SND	Reg.	
06/11/2014	CIMA11	1.000.000,000000	3.007,140000	-	1.003.007,140000	Padrão - SND	Reg.	
05/11/2014	CIMA11	1.000.000,000000	2.502,880000	-	1.002.502,880000	Padrão - SND	Reg.	
04/11/2014	CIMA11	1.000.000,000000	2.000,160000	-	1.002.000,160000	Padrão - SND	Reg.	
03/11/2014	CIMA11	1.000.000,000000	1.497,690000	-	1.001.497,690000	Padrão - SND	Reg.	
31/10/2014	CIMA11	1.000.000,000000	995,480000	-	1.000.995,480000	Padrão - SND	Reg.	
30/10/2014	CIMA11	1.000.000,000000	492,230000	-	1.000.492,230000	Padrão - SND	Reg.	
29/10/2014	CIMA11	1.000.000,000000	-  	-	1.000.000,000000	Padrão - SND	Reg.	
28/10/2014	CIMA11	1.000.000,000000	64.839,800000	-	1.064.839,800000	Padrão - SND	Reg.	
27/10/2014	CIMA11	1.000.000,000000	64.315,910000	-	1.064.315,910000	Padrão - SND	Reg.	
24/10/2014	CIMA11	1.000.000,000000	63.792,280000	-	1.063.792,280000	Padrão - SND	Reg.	
23/10/2014	CIMA11	1.000.000,000000	63.268,910000	-	1.063.268,910000	Padrão - SND	Reg.	
22/10/2014	CIMA11	1.000.000,000000	62.745,790000	-	1.062.745,790000	Padrão - SND	Reg.	
21/10/2014	CIMA11	1.000.000,000000	62.222,930000	-	1.062.222,930000	Padrão - SND	Reg.	
20/10/2014	CIMA11	1.000.000,000000	61.700,330000	-	1.061.700,330000	Padrão - SND	Reg.	
17/10/2014	CIMA11	1.000.000,000000	61.177,990000	-	1.061.177,990000	Padrão - SND	Reg.	
16/10/2014	CIMA11	1.000.000,000000	60.655,900000	-	1.060.655,900000	Padrão - SND	Reg.	
15/10/2014	CIMA11	1.000.000,000000	60.135,450000	-	1.060.135,450000	Padrão - SND	Reg.	
14/10/2014	CIMA11	1.000.000,000000	59.613,880000	-	1.059.613,880000	Padrão - SND	Reg.	
13/10/2014	CIMA11	1.000.000,000000	59.093,940000	-	1.059.093,940000	Padrão - SND	Reg.	
10/10/2014	CIMA11	1.000.000,000000	58.572,870000	-	1.058.572,870000	Padrão - SND	Reg.	
09/10/2014	CIMA11	1.000.000,000000	58.052,070000	-	1.058.052,070000	Padrão - SND	Reg.	
08/10/2014	CIMA11	1.000.000,000000	57.531,520000	-	1.057.531,520000	Padrão - SND	Reg.	
07/10/2014	CIMA11	1.000.000,000000	57.011,230000	-	1.057.011,230000	Padrão - SND	Reg.	
06/10/2014	CIMA11	1.000.000,000000	56.492,560000	-	1.056.492,560000	Padrão - SND	Reg.	
03/10/2014	CIMA11	1.000.000,000000	55.974,150000	-	1.055.974,150000	Padrão - SND	Reg.	
02/10/2014	CIMA11	1.000.000,000000	55.456,000000	-	1.055.456,000000	Padrão - SND	Reg.	
01/10/2014	CIMA11	1.000.000,000000	54.938,100000	-	1.054.938,100000	Padrão - SND	Reg.	
30/09/2014	CIMA11	1.000.000,000000	54.420,460000	-	1.054.420,460000	Padrão - SND	Reg.	
29/09/2014	CIMA11	1.000.000,000000	53.903,060000	-	1.053.903,060000	Padrão - SND	Reg.	
26/09/2014	CIMA11	1.000.000,000000	53.385,930000	-	1.053.385,930000	Padrão - SND	Reg.	
25/09/2014	CIMA11	1.000.000,000000	52.867,670000	-	1.052.867,670000	Padrão - SND	Reg.	
24/09/2014	CIMA11	1.000.000,000000	52.349,670000	-	1.052.349,670000	Padrão - SND	Reg.	
23/09/2014	CIMA11	1.000.000,000000	51.831,930000	-	1.051.831,930000	Padrão - SND	Reg.	
22/09/2014	CIMA11	1.000.000,000000	51.315,810000	-	1.051.315,810000	Padrão - SND	Reg.	
19/09/2014	CIMA11	1.000.000,000000	50.799,940000	-	1.050.799,940000	Padrão - SND	Reg.	
18/09/2014	CIMA11	1.000.000,000000	50.284,330000	-	1.050.284,330000	Padrão - SND	Reg.	
17/09/2014	CIMA11	1.000.000,000000	49.768,960000	-	1.049.768,960000	Padrão - SND	Reg.	
16/09/2014	CIMA11	1.000.000,000000	49.253,850000	-	1.049.253,850000	Padrão - SND	Reg.	
15/09/2014	CIMA11	1.000.000,000000	48.739,000000	-	1.048.739,000000	Padrão - SND	Reg.	
12/09/2014	CIMA11	1.000.000,000000	48.224,390000	-	1.048.224,390000	Padrão - SND	Reg.	
11/09/2014	CIMA11	1.000.000,000000	47.710,040000	-	1.047.710,040000	Padrão - SND	Reg.	
10/09/2014	CIMA11	1.000.000,000000	47.194,580000	-	1.047.194,580000	Padrão - SND	Reg.	
09/09/2014	CIMA11	1.000.000,000000	46.680,740000	-	1.046.680,740000	Padrão - SND	Reg.	
08/09/2014	CIMA11	1.000.000,000000	46.167,140000	-	1.046.167,140000	Padrão - SND	Reg.	
05/09/2014	CIMA11	1.000.000,000000	45.653,800000	-	1.045.653,800000	Padrão - SND	Reg.	
04/09/2014	CIMA11	1.000.000,000000	45.140,710000	-	1.045.140,710000	Padrão - SND	Reg.	
03/09/2014	CIMA11	1.000.000,000000	44.627,870000	-	1.044.627,870000	Padrão - SND	Reg.	
02/09/2014	CIMA11	1.000.000,000000	44.115,280000	-	1.044.115,280000	Padrão - SND	Reg.	
01/09/2014	CIMA11	1.000.000,000000	43.602,950000	-	1.043.602,950000	Padrão - SND	Reg.	
29/08/2014	CIMA11	1.000.000,000000	43.090,870000	-	1.043.090,870000	Padrão - SND	Reg.	
28/08/2014	CIMA11	1.000.000,000000	42.577,680000	-	1.042.577,680000	Padrão - SND	Reg.	
27/08/2014	CIMA11	1.000.000,000000	42.066,100000	-	1.042.066,100000	Padrão - SND	Reg.	
26/08/2014	CIMA11	1.000.000,000000	41.553,410000	-	1.041.553,410000	Padrão - SND	Reg.	
25/08/2014	CIMA11	1.000.000,000000	41.040,980000	-	1.041.040,980000	Padrão - SND	Reg.	
22/08/2014	CIMA11	1.000.000,000000	40.530,150000	-	1.040.530,150000	Padrão - SND	Reg.	
21/08/2014	CIMA11	1.000.000,000000	40.019,130000	-	1.040.019,130000	Padrão - SND	Reg.	
20/08/2014	CIMA11	1.000.000,000000	39.507,450000	-	1.039.507,450000	Padrão - SND	Reg.	
19/08/2014	CIMA11	1.000.000,000000	38.997,380000	-	1.038.997,380000	Padrão - SND	Reg.	
18/08/2014	CIMA11	1.000.000,000000	38.487,550000	-	1.038.487,550000	Padrão - SND	Reg.	
15/08/2014	CIMA11	1.000.000,000000	37.977,530000	-	1.037.977,530000	Padrão - SND	Reg.	
14/08/2014	CIMA11	1.000.000,000000	37.468,210000	-	1.037.468,210000	Padrão - SND	Reg.	
13/08/2014	CIMA11	1.000.000,000000	36.959,130000	-	1.036.959,130000	Padrão - SND	Reg.	
12/08/2014	CIMA11	1.000.000,000000	36.450,310000	-	1.036.450,310000	Padrão - SND	Reg.	
11/08/2014	CIMA11	1.000.000,000000	35.941,740000	-	1.035.941,740000	Padrão - SND	Reg.	
08/08/2014	CIMA11	1.000.000,000000	35.433,410000	-	1.035.433,410000	Padrão - SND	Reg.	
07/08/2014	CIMA11	1.000.000,000000	34.925,340000	-	1.034.925,340000	Padrão - SND	Reg.	
06/08/2014	CIMA11	1.000.000,000000	34.417,510000	-	1.034.417,510000	Padrão - SND	Reg.	
05/08/2014	CIMA11	1.000.000,000000	33.909,930000	-	1.033.909,930000	Padrão - SND	Reg.	
04/08/2014	CIMA11	1.000.000,000000	33.402,610000	-	1.033.402,610000	Padrão - SND	Reg.	
01/08/2014	CIMA11	1.000.000,000000	32.895,980000	-	1.032.895,980000	Padrão - SND	Reg.	
31/07/2014	CIMA11	1.000.000,000000	32.389,590000	-	1.032.389,590000	Padrão - SND	Reg.	
30/07/2014	CIMA11	1.000.000,000000	31.883,460000	-	1.031.883,460000	Padrão - SND	Reg.	
29/07/2014	CIMA11	1.000.000,000000	31.377,570000	-	1.031.377,570000	Padrão - SND	Reg.	
28/07/2014	CIMA11	1.000.000,000000	30.871,940000	-	1.030.871,940000	Padrão - SND	Reg.	
25/07/2014	CIMA11	1.000.000,000000	30.366,550000	-	1.030.366,550000	Padrão - SND	Reg.	
24/07/2014	CIMA11	1.000.000,000000	29.861,400000	-	1.029.861,400000	Padrão - SND	Reg.	
23/07/2014	CIMA11	1.000.000,000000	29.356,510000	-	1.029.356,510000	Padrão - SND	Reg.	
22/07/2014	CIMA11	1.000.000,000000	28.851,860000	-	1.028.851,860000	Padrão - SND	Reg.	
21/07/2014	CIMA11	1.000.000,000000	28.347,460000	-	1.028.347,460000	Padrão - SND	Reg.	
18/07/2014	CIMA11	1.000.000,000000	27.843,310000	-	1.027.843,310000	Padrão - SND	Reg.	
17/07/2014	CIMA11	1.000.000,000000	27.339,410000	-	1.027.339,410000	Padrão - SND	Reg.	
16/07/2014	CIMA11	1.000.000,000000	26.835,750000	-	1.026.835,750000	Padrão - SND	Reg.	
15/07/2014	CIMA11	1.000.000,000000	26.332,340000	-	1.026.332,340000	Padrão - SND	Reg.	
14/07/2014	CIMA11	1.000.000,000000	25.829,170000	-	1.025.829,170000	Padrão - SND	Reg.	
11/07/2014	CIMA11	1.000.000,000000	25.326,250000	-	1.025.326,250000	Padrão - SND	Reg.	
10/07/2014	CIMA11	1.000.000,000000	24.823,580000	-	1.024.823,580000	Padrão - SND	Reg.	
09/07/2014	CIMA11	1.000.000,000000	24.321,160000	-	1.024.321,160000	Padrão - SND	Reg.	
08/07/2014	CIMA11	1.000.000,000000	23.818,980000	-	1.023.818,980000	Padrão - SND	Reg.	
07/07/2014	CIMA11	1.000.000,000000	23.317,050000	-	1.023.317,050000	Padrão - SND	Reg.	
04/07/2014	CIMA11	1.000.000,000000	22.815,360000	-	1.022.815,360000	Padrão - SND	Reg.	
03/07/2014	CIMA11	1.000.000,000000	22.313,920000	-	1.022.313,920000	Padrão - SND	Reg.	
02/07/2014	CIMA11	1.000.000,000000	21.812,730000	-	1.021.812,730000	Padrão - SND	Reg.	
01/07/2014	CIMA11	1.000.000,000000	21.311,780000	-	1.021.311,780000	Padrão - SND	Reg.	
30/06/2014	CIMA11	1.000.000,000000	20.811,080000	-	1.020.811,080000	Padrão - SND	Reg.	
27/06/2014	CIMA11	1.000.000,000000	20.310,620000	-	1.020.310,620000	Padrão - SND	Reg.	
26/06/2014	CIMA11	1.000.000,000000	19.810,410000	-	1.019.810,410000	Padrão - SND	Reg.	
25/06/2014	CIMA11	1.000.000,000000	19.310,440000	-	1.019.310,440000	Padrão - SND	Reg.	
24/06/2014	CIMA11	1.000.000,000000	18.810,720000	-	1.018.810,720000	Padrão - SND	Reg.	
23/06/2014	CIMA11	1.000.000,000000	18.311,240000	-	1.018.311,240000	Padrão - SND	Reg.	
20/06/2014	CIMA11	1.000.000,000000	17.812,010000	-	1.017.812,010000	Padrão - SND	Reg.	
18/06/2014	CIMA11	1.000.000,000000	17.313,020000	-	1.017.313,020000	Padrão - SND	Reg.	
17/06/2014	CIMA11	1.000.000,000000	16.814,280000	-	1.016.814,280000	Padrão - SND	Reg.	
16/06/2014	CIMA11	1.000.000,000000	16.315,780000	-	1.016.315,780000	Padrão - SND	Reg.	
13/06/2014	CIMA11	1.000.000,000000	15.817,530000	-	1.015.817,530000	Padrão - SND	Reg.	
12/06/2014	CIMA11	1.000.000,000000	15.319,520000	-	1.015.319,520000	Padrão - SND	Reg.	
11/06/2014	CIMA11	1.000.000,000000	14.821,750000	-	1.014.821,750000	Padrão - SND	Reg.	
10/06/2014	CIMA11	1.000.000,000000	14.324,230000	-	1.014.324,230000	Padrão - SND	Reg.	
09/06/2014	CIMA11	1.000.000,000000	13.825,200000	-	1.013.825,200000	Padrão - SND	Reg.	
06/06/2014	CIMA11	1.000.000,000000	13.328,160000	-	1.013.328,160000	Padrão - SND	Reg.	
05/06/2014	CIMA11	1.000.000,000000	12.831,370000	-	1.012.831,370000	Padrão - SND	Reg.	
04/06/2014	CIMA11	1.000.000,000000	12.334,830000	-	1.012.334,830000	Padrão - SND	Reg.	
03/06/2014	CIMA11	1.000.000,000000	11.838,530000	-	1.011.838,530000	Padrão - SND	Reg.	
02/06/2014	CIMA11	1.000.000,000000	11.342,470000	-	1.011.342,470000	Padrão - SND	Reg.	
30/05/2014	CIMA11	1.000.000,000000	10.846,650000	-	1.010.846,650000	Padrão - SND	Reg.	
29/05/2014	CIMA11	1.000.000,000000	10.351,080000	-	1.010.351,080000	Padrão - SND	Reg.	
28/05/2014	CIMA11	1.000.000,000000	9.855,750000	-	1.009.855,750000	Padrão - SND	Reg.	
27/05/2014	CIMA11	1.000.000,000000	9.360,660000	-	1.009.360,660000	Padrão - SND	Reg.	
26/05/2014	CIMA11	1.000.000,000000	8.865,820000	-	1.008.865,820000	Padrão - SND	Reg.	
23/05/2014	CIMA11	1.000.000,000000	8.371,220000	-	1.008.371,220000	Padrão - SND	Reg.	
22/05/2014	CIMA11	1.000.000,000000	7.876,860000	-	1.007.876,860000	Padrão - SND	Reg.	
21/05/2014	CIMA11	1.000.000,000000	7.382,740000	-	1.007.382,740000	Padrão - SND	Reg.	
20/05/2014	CIMA11	1.000.000,000000	6.888,870000	-	1.006.888,870000	Padrão - SND	Reg.	
19/05/2014	CIMA11	1.000.000,000000	6.395,240000	-	1.006.395,240000	Padrão - SND	Reg.	
16/05/2014	CIMA11	1.000.000,000000	5.901,850000	-	1.005.901,850000	Padrão - SND	Reg.	
15/05/2014	CIMA11	1.000.000,000000	5.408,700000	-	1.005.408,700000	Padrão - SND	Reg.	
14/05/2014	CIMA11	1.000.000,000000	4.915,790000	-	1.004.915,790000	Padrão - SND	Reg.	
13/05/2014	CIMA11	1.000.000,000000	4.423,130000	-	1.004.423,130000	Padrão - SND	Reg.	
12/05/2014	CIMA11	1.000.000,000000	3.930,710000	-	1.003.930,710000	Padrão - SND	Reg.	
09/05/2014	CIMA11	1.000.000,000000	3.438,520000	-	1.003.438,520000	Padrão - SND	Reg.	
08/05/2014	CIMA11	1.000.000,000000	2.946,580000	-	1.002.946,580000	Padrão - SND	Reg.	
07/05/2014	CIMA11	1.000.000,000000	2.454,880000	-	1.002.454,880000	Padrão - SND	Reg.	
06/05/2014	CIMA11	1.000.000,000000	1.963,420000	-	1.001.963,420000	Padrão - SND	Reg.	
05/05/2014	CIMA11	1.000.000,000000	1.472,210000	-	1.001.472,210000	Padrão - SND	Reg.	
02/05/2014	CIMA11	1.000.000,000000	981,230000	-	1.000.981,230000	Padrão - SND	Reg.	
30/04/2014	CIMA11	1.000.000,000000	490,500000	-	1.000.490,500000	Padrão - SND	Reg.	
29/04/2014	CIMA11	1.000.000,000000	-  	-	1.000.000,000000	Padrão - SND	Reg.	
28/04/2014	CIMA11	1.000.000,000000	57.686,850000	-	1.057.686,850000	Padrão - SND	Reg.	
25/04/2014	CIMA11	1.000.000,000000	57.168,320000	-	1.057.168,320000	Padrão - SND	Reg.	
24/04/2014	CIMA11	1.000.000,000000	56.650,040000	-	1.056.650,040000	Padrão - SND	Reg.	
23/04/2014	CIMA11	1.000.000,000000	56.132,010000	-	1.056.132,010000	Padrão - SND	Reg.	
22/04/2014	CIMA11	1.000.000,000000	55.614,230000	-	1.055.614,230000	Padrão - SND	Reg.	
17/04/2014	CIMA11	1.000.000,000000	55.096,710000	-	1.055.096,710000	Padrão - SND	Reg.	
16/04/2014	CIMA11	1.000.000,000000	54.579,450000	-	1.054.579,450000	Padrão - SND	Reg.	
15/04/2014	CIMA11	1.000.000,000000	54.062,440000	-	1.054.062,440000	Padrão - SND	Reg.	
14/04/2014	CIMA11	1.000.000,000000	53.545,680000	-	1.053.545,680000	Padrão - SND	Reg.	
11/04/2014	CIMA11	1.000.000,000000	53.029,170000	-	1.053.029,170000	Padrão - SND	Reg.	
10/04/2014	CIMA11	1.000.000,000000	52.512,920000	-	1.052.512,920000	Padrão - SND	Reg.	
09/04/2014	CIMA11	1.000.000,000000	51.996,920000	-	1.051.996,920000	Padrão - SND	Reg.	
08/04/2014	CIMA11	1.000.000,000000	51.481,170000	-	1.051.481,170000	Padrão - SND	Reg.	
07/04/2014	CIMA11	1.000.000,000000	50.965,680000	-	1.050.965,680000	Padrão - SND	Reg.	
04/04/2014	CIMA11	1.000.000,000000	50.450,440000	-	1.050.450,440000	Padrão - SND	Reg.	
03/04/2014	CIMA11	1.000.000,000000	49.935,450000	-	1.049.935,450000	Padrão - SND	Reg.	
02/04/2014	CIMA11	1.000.000,000000	49.432,040000	-	1.049.432,040000	Padrão - SND	Reg.	
01/04/2014	CIMA11	1.000.000,000000	48.928,870000	-	1.048.928,870000	Padrão - SND	Reg.	
31/03/2014	CIMA11	1.000.000,000000	48.425,940000	-	1.048.425,940000	Padrão - SND	Reg.	
28/03/2014	CIMA11	1.000.000,000000	47.923,250000	-	1.047.923,250000	Padrão - SND	Reg.	
27/03/2014	CIMA11	1.000.000,000000	47.420,810000	-	1.047.420,810000	Padrão - SND	Reg.	
26/03/2014	CIMA11	1.000.000,000000	46.916,800000	-	1.046.916,800000	Padrão - SND	Reg.	
25/03/2014	CIMA11	1.000.000,000000	46.413,030000	-	1.046.413,030000	Padrão - SND	Reg.	
24/03/2014	CIMA11	1.000.000,000000	45.909,510000	-	1.045.909,510000	Padrão - SND	Reg.	
21/03/2014	CIMA11	1.000.000,000000	45.406,230000	-	1.045.406,230000	Padrão - SND	Reg.	
20/03/2014	CIMA11	1.000.000,000000	44.903,190000	-	1.044.903,190000	Padrão - SND	Reg.	
19/03/2014	CIMA11	1.000.000,000000	44.400,390000	-	1.044.400,390000	Padrão - SND	Reg.	
18/03/2014	CIMA11	1.000.000,000000	43.899,640000	-	1.043.899,640000	Padrão - SND	Reg.	
17/03/2014	CIMA11	1.000.000,000000	43.399,120000	-	1.043.399,120000	Padrão - SND	Reg.	
14/03/2014	CIMA11	1.000.000,000000	42.898,840000	-	1.042.898,840000	Padrão - SND	Reg.	
13/03/2014	CIMA11	1.000.000,000000	42.398,800000	-	1.042.398,800000	Padrão - SND	Reg.	
12/03/2014	CIMA11	1.000.000,000000	41.899,010000	-	1.041.899,010000	Padrão - SND	Reg.	
11/03/2014	CIMA11	1.000.000,000000	41.399,450000	-	1.041.399,450000	Padrão - SND	Reg.	
10/03/2014	CIMA11	1.000.000,000000	40.900,130000	-	1.040.900,130000	Padrão - SND	Reg.	
07/03/2014	CIMA11	1.000.000,000000	40.401,050000	-	1.040.401,050000	Padrão - SND	Reg.	
06/03/2014	CIMA11	1.000.000,000000	39.902,210000	-	1.039.902,210000	Padrão - SND	Reg.	
05/03/2014	CIMA11	1.000.000,000000	39.403,610000	-	1.039.403,610000	Padrão - SND	Reg.	
28/02/2014	CIMA11	1.000.000,000000	38.903,460000	-	1.038.903,460000	Padrão - SND	Reg.	
27/02/2014	CIMA11	1.000.000,000000	38.403,550000	-	1.038.403,550000	Padrão - SND	Reg.	
26/02/2014	CIMA11	1.000.000,000000	37.914,660000	-	1.037.914,660000	Padrão - SND	Reg.	
25/02/2014	CIMA11	1.000.000,000000	37.428,690000	-	1.037.428,690000	Padrão - SND	Reg.	
24/02/2014	CIMA11	1.000.000,000000	36.942,960000	-	1.036.942,960000	Padrão - SND	Reg.	
21/02/2014	CIMA11	1.000.000,000000	36.457,450000	-	1.036.457,450000	Padrão - SND	Reg.	
20/02/2014	CIMA11	1.000.000,000000	35.972,170000	-	1.035.972,170000	Padrão - SND	Reg.	
19/02/2014	CIMA11	1.000.000,000000	35.487,110000	-	1.035.487,110000	Padrão - SND	Reg.	
18/02/2014	CIMA11	1.000.000,000000	35.002,280000	-	1.035.002,280000	Padrão - SND	Reg.	
17/02/2014	CIMA11	1.000.000,000000	34.517,680000	-	1.034.517,680000	Padrão - SND	Reg.	
14/02/2014	CIMA11	1.000.000,000000	34.033,310000	-	1.034.033,310000	Padrão - SND	Reg.	
13/02/2014	CIMA11	1.000.000,000000	33.549,160000	-	1.033.549,160000	Padrão - SND	Reg.	
12/02/2014	CIMA11	1.000.000,000000	33.065,240000	-	1.033.065,240000	Padrão - SND	Reg.	
11/02/2014	CIMA11	1.000.000,000000	32.581,550000	-	1.032.581,550000	Padrão - SND	Reg.	
10/02/2014	CIMA11	1.000.000,000000	32.098,080000	-	1.032.098,080000	Padrão - SND	Reg.	
07/02/2014	CIMA11	1.000.000,000000	31.614,840000	-	1.031.614,840000	Padrão - SND	Reg.	
06/02/2014	CIMA11	1.000.000,000000	31.131,820000	-	1.031.131,820000	Padrão - SND	Reg.	
05/02/2014	CIMA11	1.000.000,000000	30.649,030000	-	1.030.649,030000	Padrão - SND	Reg.	
04/02/2014	CIMA11	1.000.000,000000	30.166,470000	-	1.030.166,470000	Padrão - SND	Reg.	
03/02/2014	CIMA11	1.000.000,000000	29.685,030000	-	1.029.685,030000	Padrão - SND	Reg.	
31/01/2014	CIMA11	1.000.000,000000	29.203,810000	-	1.029.203,810000	Padrão - SND	Reg.	
30/01/2014	CIMA11	1.000.000,000000	28.722,820000	-	1.028.722,820000	Padrão - SND	Reg.	
29/01/2014	CIMA11	1.000.000,000000	28.242,050000	-	1.028.242,050000	Padrão - SND	Reg.	
28/01/2014	CIMA11	1.000.000,000000	27.761,500000	-	1.027.761,500000	Padrão - SND	Reg.	
27/01/2014	CIMA11	1.000.000,000000	27.281,180000	-	1.027.281,180000	Padrão - SND	Reg.	
24/01/2014	CIMA11	1.000.000,000000	26.801,090000	-	1.026.801,090000	Padrão - SND	Reg.	
23/01/2014	CIMA11	1.000.000,000000	26.321,220000	-	1.026.321,220000	Padrão - SND	Reg.	
22/01/2014	CIMA11	1.000.000,000000	25.841,570000	-	1.025.841,570000	Padrão - SND	Reg.	
21/01/2014	CIMA11	1.000.000,000000	25.358,590000	-	1.025.358,590000	Padrão - SND	Reg.	
20/01/2014	CIMA11	1.000.000,000000	24.875,840000	-	1.024.875,840000	Padrão - SND	Reg.	
17/01/2014	CIMA11	1.000.000,000000	24.393,760000	-	1.024.393,760000	Padrão - SND	Reg.	
16/01/2014	CIMA11	1.000.000,000000	23.915,010000	-	1.023.915,010000	Padrão - SND	Reg.	
15/01/2014	CIMA11	1.000.000,000000	23.458,730000	-	1.023.458,730000	Padrão - SND	Reg.	
14/01/2014	CIMA11	1.000.000,000000	23.002,650000	-	1.023.002,650000	Padrão - SND	Reg.	
13/01/2014	CIMA11	1.000.000,000000	22.546,770000	-	1.022.546,770000	Padrão - SND	Reg.	
10/01/2014	CIMA11	1.000.000,000000	22.091,090000	-	1.022.091,090000	Padrão - SND	Reg.	
09/01/2014	CIMA11	1.000.000,000000	21.635,620000	-	1.021.635,620000	Padrão - SND	Reg.	
08/01/2014	CIMA11	1.000.000,000000	21.180,350000	-	1.021.180,350000	Padrão - SND	Reg.	
07/01/2014	CIMA11	1.000.000,000000	20.725,290000	-	1.020.725,290000	Padrão - SND	Reg.	
06/01/2014	CIMA11	1.000.000,000000	20.270,420000	-	1.020.270,420000	Padrão - SND	Reg.	
03/01/2014	CIMA11	1.000.000,000000	19.815,760000	-	1.019.815,760000	Padrão - SND	Reg.	
02/01/2014	CIMA11	1.000.000,000000	19.361,310000	-	1.019.361,310000	Padrão - SND	Reg.	
31/12/2013	CIMA11	1.000.000,000000	18.907,050000	-	1.018.907,050000	Padrão - SND	Reg.	
30/12/2013	CIMA11	1.000.000,000000	18.453,000000	-	1.018.453,000000	Padrão - SND	Reg.	
27/12/2013	CIMA11	1.000.000,000000	17.999,150000	-	1.017.999,150000	Padrão - SND	Reg.	
26/12/2013	CIMA11	1.000.000,000000	17.545,500000	-	1.017.545,500000	Padrão - SND	Reg.	
24/12/2013	CIMA11	1.000.000,000000	17.092,050000	-	1.017.092,050000	Padrão - SND	Reg.	
23/12/2013	CIMA11	1.000.000,000000	16.638,810000	-	1.016.638,810000	Padrão - SND	Reg.	
20/12/2013	CIMA11	1.000.000,000000	16.185,770000	-	1.016.185,770000	Padrão - SND	Reg.	
19/12/2013	CIMA11	1.000.000,000000	15.732,930000	-	1.015.732,930000	Padrão - SND	Reg.	
18/12/2013	CIMA11	1.000.000,000000	15.280,290000	-	1.015.280,290000	Padrão - SND	Reg.	
17/12/2013	CIMA11	1.000.000,000000	14.827,850000	-	1.014.827,850000	Padrão - SND	Reg.	
16/12/2013	CIMA11	1.000.000,000000	14.372,090000	-	1.014.372,090000	Padrão - SND	Reg.	
13/12/2013	CIMA11	1.000.000,000000	13.920,060000	-	1.013.920,060000	Padrão - SND	Reg.	
12/12/2013	CIMA11	1.000.000,000000	13.468,230000	-	1.013.468,230000	Padrão - SND	Reg.	
11/12/2013	CIMA11	1.000.000,000000	13.016,600000	-	1.013.016,600000	Padrão - SND	Reg.	
10/12/2013	CIMA11	1.000.000,000000	12.565,170000	-	1.012.565,170000	Padrão - SND	Reg.	
09/12/2013	CIMA11	1.000.000,000000	12.110,420000	-	1.012.110,420000	Padrão - SND	Reg.	
06/12/2013	CIMA11	1.000.000,000000	11.659,830000	-	1.011.659,830000	Padrão - SND	Reg.	
05/12/2013	CIMA11	1.000.000,000000	11.209,010000	-	1.011.209,010000	Padrão - SND	Reg.	
04/12/2013	CIMA11	1.000.000,000000	10.758,390000	-	1.010.758,390000	Padrão - SND	Reg.	
03/12/2013	CIMA11	1.000.000,000000	10.307,970000	-	1.010.307,970000	Padrão - SND	Reg.	
02/12/2013	CIMA11	1.000.000,000000	9.857,750000	-	1.009.857,750000	Padrão - SND	Reg.	
29/11/2013	CIMA11	1.000.000,000000	9.407,730000	-	1.009.407,730000	Padrão - SND	Reg.	
28/11/2013	CIMA11	1.000.000,000000	8.957,910000	-	1.008.957,910000	Padrão - SND	Reg.	
27/11/2013	CIMA11	1.000.000,000000	8.529,860000	-	1.008.529,860000	Padrão - SND	Reg.	
26/11/2013	CIMA11	1.000.000,000000	8.102,000000	-	1.008.102,000000	Padrão - SND	Reg.	
25/11/2013	CIMA11	1.000.000,000000	7.674,310000	-	1.007.674,310000	Padrão - SND	Reg.	
22/11/2013	CIMA11	1.000.000,000000	7.246,810000	-	1.007.246,810000	Padrão - SND	Reg.	
21/11/2013	CIMA11	1.000.000,000000	6.819,490000	-	1.006.819,490000	Padrão - SND	Reg.	
20/11/2013	CIMA11	1.000.000,000000	6.392,360000	-	1.006.392,360000	Padrão - SND	Reg.	
19/11/2013	CIMA11	1.000.000,000000	5.965,400000	-	1.005.965,400000	Padrão - SND	Reg.	
18/11/2013	CIMA11	1.000.000,000000	5.538,620000	-	1.005.538,620000	Padrão - SND	Reg.	
14/11/2013	CIMA11	1.000.000,000000	5.112,030000	-	1.005.112,030000	Padrão - SND	Reg.	
13/11/2013	CIMA11	1.000.000,000000	4.685,610000	-	1.004.685,610000	Padrão - SND	Reg.	
12/11/2013	CIMA11	1.000.000,000000	4.259,380000	-	1.004.259,380000	Padrão - SND	Reg.	
11/11/2013	CIMA11	1.000.000,000000	3.833,330000	-	1.003.833,330000	Padrão - SND	Reg.	
08/11/2013	CIMA11	1.000.000,000000	3.407,460000	-	1.003.407,460000	Padrão - SND	Reg.	
07/11/2013	CIMA11	1.000.000,000000	2.981,770000	-	1.002.981,770000	Padrão - SND	Reg.	
06/11/2013	CIMA11	1.000.000,000000	2.556,260000	-	1.002.556,260000	Padrão - SND	Reg.	
05/11/2013	CIMA11	1.000.000,000000	2.130,930000	-	1.002.130,930000	Padrão - SND	Reg.	
04/11/2013	CIMA11	1.000.000,000000	1.705,780000	-	1.001.705,780000	Padrão - SND	Reg.	
01/11/2013	CIMA11	1.000.000,000000	1.279,060000	-	1.001.279,060000	Padrão - SND	Reg.	
31/10/2013	CIMA11	1.000.000,000000	852,530000	-	1.000.852,530000	Padrão - SND	Reg.	
30/10/2013	CIMA11	1.000.000,000000	426,170000	-	1.000.426,170000	Padrão - SND	Reg.	
29/10/2013	CIMA11	1.000.000,000000	-  	-	1.000.000,000000	Padrão - SND	Reg.	
28/10/2013	CIMA11	1.000.000,000000	49.174,920000	-	1.049.174,920000	Padrão - SND	Reg.	
25/10/2013	CIMA11	1.000.000,000000	48.727,980000	-	1.048.727,980000	Padrão - SND	Reg.	
24/10/2013	CIMA11	1.000.000,000000	48.281,230000	-	1.048.281,230000	Padrão - SND	Reg.	
23/10/2013	CIMA11	1.000.000,000000	47.834,670000	-	1.047.834,670000	Padrão - SND	Reg.	
22/10/2013	CIMA11	1.000.000,000000	47.386,930000	-	1.047.386,930000	Padrão - SND	Reg.	
21/10/2013	CIMA11	1.000.000,000000	46.939,380000	-	1.046.939,380000	Padrão - SND	Reg.	
18/10/2013	CIMA11	1.000.000,000000	46.493,390000	-	1.046.493,390000	Padrão - SND	Reg.	
17/10/2013	CIMA11	1.000.000,000000	46.046,220000	-	1.046.046,220000	Padrão - SND	Reg.	
16/10/2013	CIMA11	1.000.000,000000	45.599,240000	-	1.045.599,240000	Padrão - SND	Reg.	
15/10/2013	CIMA11	1.000.000,000000	45.152,460000	-	1.045.152,460000	Padrão - SND	Reg.	
14/10/2013	CIMA11	1.000.000,000000	44.705,860000	-	1.044.705,860000	Padrão - SND	Reg.	
11/10/2013	CIMA11	1.000.000,000000	44.260,820000	-	1.044.260,820000	Padrão - SND	Reg.	
10/10/2013	CIMA11	1.000.000,000000	43.814,150000	-	1.043.814,150000	Padrão - SND	Reg.	
09/10/2013	CIMA11	1.000.000,000000	43.390,990000	-	1.043.390,990000	Padrão - SND	Reg.	
08/10/2013	CIMA11	1.000.000,000000	42.969,830000	-	1.042.969,830000	Padrão - SND	Reg.	
07/10/2013	CIMA11	1.000.000,000000	42.548,840000	-	1.042.548,840000	Padrão - SND	Reg.	
04/10/2013	CIMA11	1.000.000,000000	42.127,110000	-	1.042.127,110000	Padrão - SND	Reg.	
03/10/2013	CIMA11	1.000.000,000000	41.711,500000	-	1.041.711,500000	Padrão - SND	Reg.	
02/10/2013	CIMA11	1.000.000,000000	41.296,060000	-	1.041.296,060000	Padrão - SND	Reg.	
01/10/2013	CIMA11	1.000.000,000000	40.880,330000	-	1.040.880,330000	Padrão - SND	Reg.	
30/09/2013	CIMA11	1.000.000,000000	40.464,750000	-	1.040.464,750000	Padrão - SND	Reg.	
27/09/2013	CIMA11	1.000.000,000000	40.049,350000	-	1.040.049,350000	Padrão - SND	Reg.	
26/09/2013	CIMA11	1.000.000,000000	39.633,660000	-	1.039.633,660000	Padrão - SND	Reg.	
25/09/2013	CIMA11	1.000.000,000000	39.214,020000	-	1.039.214,020000	Padrão - SND	Reg.	
24/09/2013	CIMA11	1.000.000,000000	38.799,570000	-	1.038.799,570000	Padrão - SND	Reg.	
23/09/2013	CIMA11	1.000.000,000000	38.385,290000	-	1.038.385,290000	Padrão - SND	Reg.	
20/09/2013	CIMA11	1.000.000,000000	37.971,180000	-	1.037.971,180000	Padrão - SND	Reg.	
19/09/2013	CIMA11	1.000.000,000000	37.556,770000	-	1.037.556,770000	Padrão - SND	Reg.	
18/09/2013	CIMA11	1.000.000,000000	37.142,080000	-	1.037.142,080000	Padrão - SND	Reg.	
17/09/2013	CIMA11	1.000.000,000000	36.727,550000	-	1.036.727,550000	Padrão - SND	Reg.	
16/09/2013	CIMA11	1.000.000,000000	36.313,190000	-	1.036.313,190000	Padrão - SND	Reg.	
13/09/2013	CIMA11	1.000.000,000000	35.898,990000	-	1.035.898,990000	Padrão - SND	Reg.	
12/09/2013	CIMA11	1.000.000,000000	35.484,960000	-	1.035.484,960000	Padrão - SND	Reg.	
11/09/2013	CIMA11	1.000.000,000000	35.071,090000	-	1.035.071,090000	Padrão - SND	Reg.	
10/09/2013	CIMA11	1.000.000,000000	34.657,390000	-	1.034.657,390000	Padrão - SND	Reg.	
09/09/2013	CIMA11	1.000.000,000000	34.243,860000	-	1.034.243,860000	Padrão - SND	Reg.	
06/09/2013	CIMA11	1.000.000,000000	33.830,490000	-	1.033.830,490000	Padrão - SND	Reg.	
05/09/2013	CIMA11	1.000.000,000000	33.417,280000	-	1.033.417,280000	Padrão - SND	Reg.	
04/09/2013	CIMA11	1.000.000,000000	33.004,240000	-	1.033.004,240000	Padrão - SND	Reg.	
03/09/2013	CIMA11	1.000.000,000000	32.591,370000	-	1.032.591,370000	Padrão - SND	Reg.	
02/09/2013	CIMA11	1.000.000,000000	32.178,660000	-	1.032.178,660000	Padrão - SND	Reg.	
30/08/2013	CIMA11	1.000.000,000000	31.766,110000	-	1.031.766,110000	Padrão - SND	Reg.	
29/08/2013	CIMA11	1.000.000,000000	31.353,730000	-	1.031.353,730000	Padrão - SND	Reg.	
28/08/2013	CIMA11	1.000.000,000000	30.964,230000	-	1.030.964,230000	Padrão - SND	Reg.	
27/08/2013	CIMA11	1.000.000,000000	30.574,880000	-	1.030.574,880000	Padrão - SND	Reg.	
26/08/2013	CIMA11	1.000.000,000000	30.185,670000	-	1.030.185,670000	Padrão - SND	Reg.	
23/08/2013	CIMA11	1.000.000,000000	29.796,610000	-	1.029.796,610000	Padrão - SND	Reg.	
22/08/2013	CIMA11	1.000.000,000000	29.407,690000	-	1.029.407,690000	Padrão - SND	Reg.	
21/08/2013	CIMA11	1.000.000,000000	29.018,930000	-	1.029.018,930000	Padrão - SND	Reg.	
20/08/2013	CIMA11	1.000.000,000000	28.630,310000	-	1.028.630,310000	Padrão - SND	Reg.	
19/08/2013	CIMA11	1.000.000,000000	28.241,830000	-	1.028.241,830000	Padrão - SND	Reg.	
16/08/2013	CIMA11	1.000.000,000000	27.853,510000	-	1.027.853,510000	Padrão - SND	Reg.	
15/08/2013	CIMA11	1.000.000,000000	27.465,330000	-	1.027.465,330000	Padrão - SND	Reg.	
14/08/2013	CIMA11	1.000.000,000000	27.077,290000	-	1.027.077,290000	Padrão - SND	Reg.	
13/08/2013	CIMA11	1.000.000,000000	26.689,410000	-	1.026.689,410000	Padrão - SND	Reg.	
12/08/2013	CIMA11	1.000.000,000000	26.301,670000	-	1.026.301,670000	Padrão - SND	Reg.	
09/08/2013	CIMA11	1.000.000,000000	25.914,070000	-	1.025.914,070000	Padrão - SND	Reg.	
08/08/2013	CIMA11	1.000.000,000000	25.526,620000	-	1.025.526,620000	Padrão - SND	Reg.	
07/08/2013	CIMA11	1.000.000,000000	25.139,320000	-	1.025.139,320000	Padrão - SND	Reg.	
06/08/2013	CIMA11	1.000.000,000000	24.752,170000	-	1.024.752,170000	Padrão - SND	Reg.	
05/08/2013	CIMA11	1.000.000,000000	24.365,160000	-	1.024.365,160000	Padrão - SND	Reg.	
02/08/2013	CIMA11	1.000.000,000000	23.977,850000	-	1.023.977,850000	Padrão - SND	Reg.	
01/08/2013	CIMA11	1.000.000,000000	23.590,690000	-	1.023.590,690000	Padrão - SND	Reg.	
31/07/2013	CIMA11	1.000.000,000000	23.204,120000	-	1.023.204,120000	Padrão - SND	Reg.	
30/07/2013	CIMA11	1.000.000,000000	22.817,700000	-	1.022.817,700000	Padrão - SND	Reg.	
29/07/2013	CIMA11	1.000.000,000000	22.431,420000	-	1.022.431,420000	Padrão - SND	Reg.	
26/07/2013	CIMA11	1.000.000,000000	22.045,290000	-	1.022.045,290000	Padrão - SND	Reg.	
25/07/2013	CIMA11	1.000.000,000000	21.659,300000	-	1.021.659,300000	Padrão - SND	Reg.	
24/07/2013	CIMA11	1.000.000,000000	21.273,460000	-	1.021.273,460000	Padrão - SND	Reg.	
23/07/2013	CIMA11	1.000.000,000000	20.887,760000	-	1.020.887,760000	Padrão - SND	Reg.	
22/07/2013	CIMA11	1.000.000,000000	20.502,210000	-	1.020.502,210000	Padrão - SND	Reg.	
19/07/2013	CIMA11	1.000.000,000000	20.116,810000	-	1.020.116,810000	Padrão - SND	Reg.	
18/07/2013	CIMA11	1.000.000,000000	19.731,550000	-	1.019.731,550000	Padrão - SND	Reg.	
17/07/2013	CIMA11	1.000.000,000000	19.346,440000	-	1.019.346,440000	Padrão - SND	Reg.	
16/07/2013	CIMA11	1.000.000,000000	18.961,470000	-	1.018.961,470000	Padrão - SND	Reg.	
15/07/2013	CIMA11	1.000.000,000000	18.576,650000	-	1.018.576,650000	Padrão - SND	Reg.	
12/07/2013	CIMA11	1.000.000,000000	18.191,970000	-	1.018.191,970000	Padrão - SND	Reg.	
11/07/2013	CIMA11	1.000.000,000000	17.807,440000	-	1.017.807,440000	Padrão - SND	Reg.	
10/07/2013	CIMA11	1.000.000,000000	17.445,590000	-	1.017.445,590000	Padrão - SND	Reg.	
09/07/2013	CIMA11	1.000.000,000000	17.083,870000	-	1.017.083,870000	Padrão - SND	Reg.	
08/07/2013	CIMA11	1.000.000,000000	16.722,280000	-	1.016.722,280000	Padrão - SND	Reg.	
05/07/2013	CIMA11	1.000.000,000000	16.360,820000	-	1.016.360,820000	Padrão - SND	Reg.	
04/07/2013	CIMA11	1.000.000,000000	15.999,490000	-	1.015.999,490000	Padrão - SND	Reg.	
03/07/2013	CIMA11	1.000.000,000000	15.638,280000	-	1.015.638,280000	Padrão - SND	Reg.	
02/07/2013	CIMA11	1.000.000,000000	15.277,200000	-	1.015.277,200000	Padrão - SND	Reg.	
01/07/2013	CIMA11	1.000.000,000000	14.916,260000	-	1.014.916,260000	Padrão - SND	Reg.	
28/06/2013	CIMA11	1.000.000,000000	14.555,440000	-	1.014.555,440000	Padrão - SND	Reg.	
27/06/2013	CIMA11	1.000.000,000000	14.194,740000	-	1.014.194,740000	Padrão - SND	Reg.	
26/06/2013	CIMA11	1.000.000,000000	13.834,180000	-	1.013.834,180000	Padrão - SND	Reg.	
25/06/2013	CIMA11	1.000.000,000000	13.473,740000	-	1.013.473,740000	Padrão - SND	Reg.	
24/06/2013	CIMA11	1.000.000,000000	13.113,440000	-	1.013.113,440000	Padrão - SND	Reg.	
21/06/2013	CIMA11	1.000.000,000000	12.753,260000	-	1.012.753,260000	Padrão - SND	Reg.	
20/06/2013	CIMA11	1.000.000,000000	12.393,210000	-	1.012.393,210000	Padrão - SND	Reg.	
19/06/2013	CIMA11	1.000.000,000000	12.033,280000	-	1.012.033,280000	Padrão - SND	Reg.	
18/06/2013	CIMA11	1.000.000,000000	11.673,490000	-	1.011.673,490000	Padrão - SND	Reg.	
17/06/2013	CIMA11	1.000.000,000000	11.313,820000	-	1.011.313,820000	Padrão - SND	Reg.	
14/06/2013	CIMA11	1.000.000,000000	10.954,280000	-	1.010.954,280000	Padrão - SND	Reg.	
13/06/2013	CIMA11	1.000.000,000000	10.594,870000	-	1.010.594,870000	Padrão - SND	Reg.	
12/06/2013	CIMA11	1.000.000,000000	10.235,590000	-	1.010.235,590000	Padrão - SND	Reg.	
11/06/2013	CIMA11	1.000.000,000000	9.876,430000	-	1.009.876,430000	Padrão - SND	Reg.	
10/06/2013	CIMA11	1.000.000,000000	9.517,400000	-	1.009.517,400000	Padrão - SND	Reg.	
07/06/2013	CIMA11	1.000.000,000000	9.158,500000	-	1.009.158,500000	Padrão - SND	Reg.	
06/06/2013	CIMA11	1.000.000,000000	8.799,730000	-	1.008.799,730000	Padrão - SND	Reg.	
05/06/2013	CIMA11	1.000.000,000000	8.441,080000	-	1.008.441,080000	Padrão - SND	Reg.	
04/06/2013	CIMA11	1.000.000,000000	8.082,560000	-	1.008.082,560000	Padrão - SND	Reg.	
03/06/2013	CIMA11	1.000.000,000000	7.724,170000	-	1.007.724,170000	Padrão - SND	Reg.	
31/05/2013	CIMA11	1.000.000,000000	7.365,910000	-	1.007.365,910000	Padrão - SND	Reg.	
29/05/2013	CIMA11	1.000.000,000000	7.030,170000	-	1.007.030,170000	Padrão - SND	Reg.	
28/05/2013	CIMA11	1.000.000,000000	6.694,530000	-	1.006.694,530000	Padrão - SND	Reg.	
27/05/2013	CIMA11	1.000.000,000000	6.359,010000	-	1.006.359,010000	Padrão - SND	Reg.	
24/05/2013	CIMA11	1.000.000,000000	6.023,610000	-	1.006.023,610000	Padrão - SND	Reg.	
23/05/2013	CIMA11	1.000.000,000000	5.688,310000	-	1.005.688,310000	Padrão - SND	Reg.	
22/05/2013	CIMA11	1.000.000,000000	5.353,130000	-	1.005.353,130000	Padrão - SND	Reg.	
21/05/2013	CIMA11	1.000.000,000000	5.018,050000	-	1.005.018,050000	Padrão - SND	Reg.	
20/05/2013	CIMA11	1.000.000,000000	4.683,090000	-	1.004.683,090000	Padrão - SND	Reg.	
17/05/2013	CIMA11	1.000.000,000000	4.348,240000	-	1.004.348,240000	Padrão - SND	Reg.	
16/05/2013	CIMA11	1.000.000,000000	4.013,510000	-	1.004.013,510000	Padrão - SND	Reg.	
15/05/2013	CIMA11	1.000.000,000000	3.678,880000	-	1.003.678,880000	Padrão - SND	Reg.	
14/05/2013	CIMA11	1.000.000,000000	3.344,370000	-	1.003.344,370000	Padrão - SND	Reg.	
13/05/2013	CIMA11	1.000.000,000000	3.009,960000	-	1.003.009,960000	Padrão - SND	Reg.	
10/05/2013	CIMA11	1.000.000,000000	2.675,230000	-	1.002.675,230000	Padrão - SND	Reg.	
09/05/2013	CIMA11	1.000.000,000000	2.340,150000	-	1.002.340,150000	Padrão - SND	Reg.	
08/05/2013	CIMA11	1.000.000,000000	2.005,640000	-	1.002.005,640000	Padrão - SND	Reg.	
07/05/2013	CIMA11	1.000.000,000000	1.670,790000	-	1.001.670,790000	Padrão - SND	Reg.	
06/05/2013	CIMA11	1.000.000,000000	1.336,050000	-	1.001.336,050000	Padrão - SND	Reg.	
03/05/2013	CIMA11	1.000.000,000000	1.001,870000	-	1.001.001,870000	Padrão - SND	Reg.	
02/05/2013	CIMA11	1.000.000,000000	667,800000	-	1.000.667,800000	Padrão - SND	Reg.	
30/04/2013	CIMA11	1.000.000,000000	333,850000	-	1.000.333,850000	Padrão - SND	Reg.	
29/04/2013	CIMA11	1.000.000,000000	-  	-	1.000.000,000000	Padrão - SND	Reg.	
26/04/2013	CIMA11	1.000.000,000000	40.249,380000	-	1.040.249,380000	Padrão - SND	Reg.	
25/04/2013	CIMA11	1.000.000,000000	39.901,750000	-	1.039.901,750000	Padrão - SND	Reg.	
24/04/2013	CIMA11	1.000.000,000000	39.554,240000	-	1.039.554,240000	Padrão - SND	Reg.	
23/04/2013	CIMA11	1.000.000,000000	39.206,840000	-	1.039.206,840000	Padrão - SND	Reg.	
22/04/2013	CIMA11	1.000.000,000000	38.859,560000	-	1.038.859,560000	Padrão - SND	Reg.	
19/04/2013	CIMA11	1.000.000,000000	38.512,390000	-	1.038.512,390000	Padrão - SND	Reg.	
18/04/2013	CIMA11	1.000.000,000000	38.165,350000	-	1.038.165,350000	Padrão - SND	Reg.	
17/04/2013	CIMA11	1.000.000,000000	37.829,540000	-	1.037.829,540000	Padrão - SND	Reg.	
16/04/2013	CIMA11	1.000.000,000000	37.493,840000	-	1.037.493,840000	Padrão - SND	Reg.	
15/04/2013	CIMA11	1.000.000,000000	37.157,790000	-	1.037.157,790000	Padrão - SND	Reg.	
12/04/2013	CIMA11	1.000.000,000000	36.821,840000	-	1.036.821,840000	Padrão - SND	Reg.	
11/04/2013	CIMA11	1.000.000,000000	36.486,010000	-	1.036.486,010000	Padrão - SND	Reg.	
10/04/2013	CIMA11	1.000.000,000000	36.150,280000	-	1.036.150,280000	Padrão - SND	Reg.	
09/04/2013	CIMA11	1.000.000,000000	35.814,670000	-	1.035.814,670000	Padrão - SND	Reg.	
08/04/2013	CIMA11	1.000.000,000000	35.479,160000	-	1.035.479,160000	Padrão - SND	Reg.	
05/04/2013	CIMA11	1.000.000,000000	35.143,760000	-	1.035.143,760000	Padrão - SND	Reg.	
04/04/2013	CIMA11	1.000.000,000000	34.808,470000	-	1.034.808,470000	Padrão - SND	Reg.	
03/04/2013	CIMA11	1.000.000,000000	34.473,290000	-	1.034.473,290000	Padrão - SND	Reg.	
02/04/2013	CIMA11	1.000.000,000000	34.137,750000	-	1.034.137,750000	Padrão - SND	Reg.	
01/04/2013	CIMA11	1.000.000,000000	33.802,330000	-	1.033.802,330000	Padrão - SND	Reg.	
28/03/2013	CIMA11	1.000.000,000000	33.467,470000	-	1.033.467,470000	Padrão - SND	Reg.	
27/03/2013	CIMA11	1.000.000,000000	33.133,640000	-	1.033.133,640000	Padrão - SND	Reg.	
26/03/2013	CIMA11	1.000.000,000000	32.799,920000	-	1.032.799,920000	Padrão - SND	Reg.	
25/03/2013	CIMA11	1.000.000,000000	32.466,310000	-	1.032.466,310000	Padrão - SND	Reg.	
22/03/2013	CIMA11	1.000.000,000000	32.132,810000	-	1.032.132,810000	Padrão - SND	Reg.	
21/03/2013	CIMA11	1.000.000,000000	31.799,410000	-	1.031.799,410000	Padrão - SND	Reg.	
20/03/2013	CIMA11	1.000.000,000000	31.466,130000	-	1.031.466,130000	Padrão - SND	Reg.	
19/03/2013	CIMA11	1.000.000,000000	31.132,950000	-	1.031.132,950000	Padrão - SND	Reg.	
18/03/2013	CIMA11	1.000.000,000000	30.799,870000	-	1.030.799,870000	Padrão - SND	Reg.	
15/03/2013	CIMA11	1.000.000,000000	30.466,910000	-	1.030.466,910000	Padrão - SND	Reg.	
14/03/2013	CIMA11	1.000.000,000000	30.134,050000	-	1.030.134,050000	Padrão - SND	Reg.	
13/03/2013	CIMA11	1.000.000,000000	29.801,300000	-	1.029.801,300000	Padrão - SND	Reg.	
12/03/2013	CIMA11	1.000.000,000000	29.468,660000	-	1.029.468,660000	Padrão - SND	Reg.	
11/03/2013	CIMA11	1.000.000,000000	29.136,120000	-	1.029.136,120000	Padrão - SND	Reg.	
08/03/2013	CIMA11	1.000.000,000000	28.803,690000	-	1.028.803,690000	Padrão - SND	Reg.	
07/03/2013	CIMA11	1.000.000,000000	28.471,370000	-	1.028.471,370000	Padrão - SND	Reg.	
06/03/2013	CIMA11	1.000.000,000000	28.139,160000	-	1.028.139,160000	Padrão - SND	Reg.	
05/03/2013	CIMA11	1.000.000,000000	27.807,050000	-	1.027.807,050000	Padrão - SND	Reg.	
04/03/2013	CIMA11	1.000.000,000000	27.475,060000	-	1.027.475,060000	Padrão - SND	Reg.	
01/03/2013	CIMA11	1.000.000,000000	27.143,620000	-	1.027.143,620000	Padrão - SND	Reg.	
28/02/2013	CIMA11	1.000.000,000000	26.812,300000	-	1.026.812,300000	Padrão - SND	Reg.	
27/02/2013	CIMA11	1.000.000,000000	26.481,080000	-	1.026.481,080000	Padrão - SND	Reg.	
26/02/2013	CIMA11	1.000.000,000000	26.149,960000	-	1.026.149,960000	Padrão - SND	Reg.	
25/02/2013	CIMA11	1.000.000,000000	25.818,040000	-	1.025.818,040000	Padrão - SND	Reg.	
22/02/2013	CIMA11	1.000.000,000000	25.488,060000	-	1.025.488,060000	Padrão - SND	Reg.	
21/02/2013	CIMA11	1.000.000,000000	25.158,640000	-	1.025.158,640000	Padrão - SND	Reg.	
20/02/2013	CIMA11	1.000.000,000000	24.829,320000	-	1.024.829,320000	Padrão - SND	Reg.	
19/02/2013	CIMA11	1.000.000,000000	24.501,020000	-	1.024.501,020000	Padrão - SND	Reg.	
18/02/2013	CIMA11	1.000.000,000000	24.172,380000	-	1.024.172,380000	Padrão - SND	Reg.	
15/02/2013	CIMA11	1.000.000,000000	23.843,830000	-	1.023.843,830000	Padrão - SND	Reg.	
14/02/2013	CIMA11	1.000.000,000000	23.515,400000	-	1.023.515,400000	Padrão - SND	Reg.	
13/02/2013	CIMA11	1.000.000,000000	23.186,610000	-	1.023.186,610000	Padrão - SND	Reg.	
08/02/2013	CIMA11	1.000.000,000000	22.857,920000	-	1.022.857,920000	Padrão - SND	Reg.	
07/02/2013	CIMA11	1.000.000,000000	22.529,350000	-	1.022.529,350000	Padrão - SND	Reg.	
06/02/2013	CIMA11	1.000.000,000000	22.200,420000	-	1.022.200,420000	Padrão - SND	Reg.	
05/02/2013	CIMA11	1.000.000,000000	21.871,600000	-	1.021.871,600000	Padrão - SND	Reg.	
04/02/2013	CIMA11	1.000.000,000000	21.542,880000	-	1.021.542,880000	Padrão - SND	Reg.	
01/02/2013	CIMA11	1.000.000,000000	21.214,730000	-	1.021.214,730000	Padrão - SND	Reg.	
31/01/2013	CIMA11	1.000.000,000000	20.886,680000	-	1.020.886,680000	Padrão - SND	Reg.	
30/01/2013	CIMA11	1.000.000,000000	20.558,740000	-	1.020.558,740000	Padrão - SND	Reg.	
29/01/2013	CIMA11	1.000.000,000000	20.230,900000	-	1.020.230,900000	Padrão - SND	Reg.	
28/01/2013	CIMA11	1.000.000,000000	19.903,600000	-	1.019.900,000000	Padrão - SND	Reg.	
25/01/2013	CIMA11	1.000.000,000000	19.576,450000	-	1.019.576,450000	Padrão - SND	Reg.	
24/01/2013	CIMA11	1.000.000,000000	19.249,830000	-	1.019.249,830000	Padrão - SND	Reg.	
23/01/2013	CIMA11	1.000.000,000000	18.923,320000	-	1.018.923,320000	Padrão - SND	Reg.	
22/01/2013	CIMA11	1.000.000,000000	18.596,920000	-	1.018.596,920000	Padrão - SND	Reg.	
21/01/2013	CIMA11	1.000.000,000000	18.270,620000	-	1.018.270,620000	Padrão - SND	Reg.	
18/01/2013	CIMA11	1.000.000,000000	17.944,890000	-  	1.017.944,890000	Padrão - SND	Reg.	
17/01/2013	CIMA11	1.000.000,000000	17.618,340000	-  	1.017.618,340000	Padrão - SND	Reg.	
16/01/2013	CIMA11	1.000.000,000000	17.291,900000	-  	1.017.291,900000	Padrão - SND	Reg.	
15/01/2013	CIMA11	1.000.000,000000	16.965,570000	-  	1.016.965,570000	Padrão - SND	Reg.	
14/01/2013	CIMA11	1.000.000,000000	16.639,790000	-  	1.016.639,790000	Padrão - SND	Reg.	
13/01/2013	CIMA11	1.000.000,000000	16.639,790000	-  	1.016.639,790000	Padrão - SND	Reg.	
12/01/2013	CIMA11	1.000.000,000000	16.639,790000	-  	1.016.639,790000	Padrão - SND	Reg.	
11/01/2013	CIMA11	1.000.000,000000	16.314,580000	-  	1.016.314,580000	Padrão - SND	Reg.	
10/01/2013	CIMA11	1.000.000,000000	15.989,930000	-  	1.015.989,930000	Padrão - SND	Reg.	
09/01/2013	CIMA11	1.000.000,000000	15.665,830000	-  	1.015.665,830000	Padrão - SND	Reg.	
08/01/2013	CIMA11	1.000.000,000000	15.341,390000	-  	1.015.341,390000	Padrão - SND	Reg.	
07/01/2013	CIMA11	1.000.000,000000	15.016,600000	-  	1.015.016,600000	Padrão - SND	Reg.	
06/01/2013	CIMA11	1.000.000,000000	15.016,600000	-  	1.015.016,600000	Padrão - SND	Reg.	
05/01/2013	CIMA11	1.000.000,000000	15.016,600000	-  	1.015.016,600000	Padrão - SND	Reg.	
04/01/2013	CIMA11	1.000.000,000000	14.691,440000	-  	1.014.691,440000	Padrão - SND	Reg.	
03/01/2013	CIMA11	1.000.000,000000	14.366,860000	-  	1.014.366,860000	Padrão - SND	Reg.	
02/01/2013	CIMA11	1.000.000,000000	14.042,380000	-  	1.014.042,380000	Padrão - SND	Reg.	
01/01/2013	CIMA11	1.000.000,000000	14.042,380000	-  	1.014.042,380000	Padrão - SND	Reg.	
31/12/2012	CIMA11	1.000.000,000000	13.718,900000	-  	1.013.718,900000	Padrão - SND	Reg.	
30/12/2012	CIMA11	1.000.000,000000	13.718,900000	-  	1.013.718,900000	Padrão - SND	Reg.	
29/12/2012	CIMA11	1.000.000,000000	13.718,900000	-  	1.013.718,900000	Padrão - SND	Reg.	
28/12/2012	CIMA11	1.000.000,000000	13.395,530000	-  	1.013.395,530000	Padrão - SND	Reg.	
27/12/2012	CIMA11	1.000.000,000000	13.072,270000	-  	1.013.072,270000	Padrão - SND	Reg.	
26/12/2012	CIMA11	1.000.000,000000	12.749,100000	-  	1.012.749,100000	Padrão - SND	Reg.	
25/12/2012	CIMA11	1.000.000,000000	12.749,100000	-  	1.012.749,100000	Padrão - SND	Reg.	
24/12/2012	CIMA11	1.000.000,000000	12.427,400000	-  	1.012.427,400000	Padrão - SND	Reg.	
23/12/2012	CIMA11	1.000.000,000000	12.427,400000	-  	1.012.427,400000	Padrão - SND	Reg.	
22/12/2012	CIMA11	1.000.000,000000	12.427,400000	-  	1.012.427,400000	Padrão - SND	Reg.	
21/12/2012	CIMA11	1.000.000,000000	12.105,790000	-  	1.012.105,790000	Padrão - SND	Reg.	
20/12/2012	CIMA11	1.000.000,000000	11.785,200000	-  	1.011.785,200000	Padrão - SND	Reg.	
19/12/2012	CIMA11	1.000.000,000000	11.465,160000	-  	1.011.465,160000	Padrão - SND	Reg.	
18/12/2012	CIMA11	1.000.000,000000	11.143,860000	-  	1.011.143,860000	Padrão - SND	Reg.	
17/12/2012	CIMA11	1.000.000,000000	10.821,770000	-  	1.010.821,770000	Padrão - SND	Reg.	
16/12/2012	CIMA11	1.000.000,000000	10.821,770000	-  	1.010.821,770000	Padrão - SND	Reg.	
15/12/2012	CIMA11	1.000.000,000000	10.821,770000	-  	1.010.821,770000	Padrão - SND	Reg.	
14/12/2012	CIMA11	1.000.000,000000	10.499,320000	-  	1.010.499,320000	Padrão - SND	Reg.	
13/12/2012	CIMA11	1.000.000,000000	10.174,710000	-  	1.010.174,710000	Padrão - SND	Reg.	
12/12/2012	CIMA11	1.000.000,000000	9.849,310000	-  	1.009.849,310000	Padrão - SND	Reg.	
11/12/2012	CIMA11	1.000.000,000000	9.524,010000	-  	1.009.524,010000	Padrão - SND	Reg.	
10/12/2012	CIMA11	1.000.000,000000	9.197,020000	-  	1.009.197,020000	Padrão - SND	Reg.	
09/12/2012	CIMA11	1.000.000,000000	9.197,020000	-  	1.009.197,020000	Padrão - SND	Reg.	
08/12/2012	CIMA11	1.000.000,000000	9.197,020000	-  	1.009.197,020000	Padrão - SND	Reg.	
07/12/2012	CIMA11	1.000.000,000000	8.868,770000	-  	1.008.868,770000	Padrão - SND	Reg.	
06/12/2012	CIMA11	1.000.000,000000	8.540,180000	-  	1.008.540,180000	Padrão - SND	Reg.	
05/12/2012	CIMA11	1.000.000,000000	8.211,250000	-  	1.008.211,250000	Padrão - SND	Reg.	
04/12/2012	CIMA11	1.000.000,000000	7.881,970000	-  	1.007.881,970000	Padrão - SND	Reg.	
03/12/2012	CIMA11	1.000.000,000000	7.552,810000	-  	1.007.552,810000	Padrão - SND	Reg.	
02/12/2012	CIMA11	1.000.000,000000	7.552,810000	-  	1.007.552,810000	Padrão - SND	Reg.	
01/12/2012	CIMA11	1.000.000,000000	7.552,810000	-  	1.007.552,810000	Padrão - SND	Reg.	
30/11/2012	CIMA11	1.000.000,000000	7.224,200000	-  	1.007.224,200000	Padrão - SND	Reg.	
29/11/2012	CIMA11	1.000.000,000000	6.895,240000	-  	1.006.895,240000	Padrão - SND	Reg.	
28/11/2012	CIMA11	1.000.000,000000	6.564,610000	-  	1.006.564,610000	Padrão - SND	Reg.	
27/11/2012	CIMA11	1.000.000,000000	6.233,630000	-  	1.006.233,630000	Padrão - SND	Reg.	
26/11/2012	CIMA11	1.000.000,000000	5.902,310000	-  	1.005.902,310000	Padrão - SND	Reg.	
25/11/2012	CIMA11	1.000.000,000000	5.902,310000	-  	1.005.902,310000	Padrão - SND	Reg.	
24/11/2012	CIMA11	1.000.000,000000	5.902,310000	-  	1.005.902,310000	Padrão - SND	Reg.	
23/11/2012	CIMA11	1.000.000,000000	5.571,550000	-  	1.005.571,550000	Padrão - SND	Reg.	
22/11/2012	CIMA11	1.000.000,000000	5.242,240000	-  	1.005.242,240000	Padrão - SND	Reg.	
21/11/2012	CIMA11	1.000.000,000000	4.917,530000	-  	1.004.917,530000	Padrão - SND	Reg.	
20/11/2012	CIMA11	1.000.000,000000	4.592,030000	-  	1.004.592,030000	Padrão - SND	Reg.	
19/11/2012	CIMA11	1.000.000,000000	4.265,720000	-  	1.004.265,720000	Padrão - SND	Reg.	
18/11/2012	CIMA11	1.000.000,000000	4.265,720000	-  	1.004.265,720000	Padrão - SND	Reg.	
17/11/2012	CIMA11	1.000.000,000000	4.265,720000	-  	1.004.265,720000	Padrão - SND	Reg.	
16/11/2012	CIMA11	1.000.000,000000	3.938,630000	-  	1.003.938,630000	Padrão - SND	Reg.	
15/11/2012	CIMA11	1.000.000,000000	3.938,630000	-  	1.003.938,630000	Padrão - SND	Reg.	
14/11/2012	CIMA11	1.000.000,000000	3.611,200000	-  	1.003.611,200000	Padrão - SND	Reg.	
13/11/2012	CIMA11	1.000.000,000000	3.283,880000	-  	1.003.283,880000	Padrão - SND	Reg.	
12/11/2012	CIMA11	1.000.000,000000	2.956,210000	-  	1.002.956,210000	Padrão - SND	Reg.	
11/11/2012	CIMA11	1.000.000,000000	2.956,210000	-  	1.002.956,210000	Padrão - SND	Reg.	
10/11/2012	CIMA11	1.000.000,000000	2.956,210000	-  	1.002.956,210000	Padrão - SND	Reg.	
09/11/2012	CIMA11	1.000.000,000000	2.627,760000	-  	1.002.627,760000	Padrão - SND	Reg.	
08/11/2012	CIMA11	1.000.000,000000	2.299,410000	-  	1.002.299,410000	Padrão - SND	Reg.	
07/11/2012	CIMA11	1.000.000,000000	1.969,390000	-  	1.001.969,390000	Padrão - SND	Reg.	
06/11/2012	CIMA11	1.000.000,000000	1.639,920000	-  	1.001.639,920000	Padrão - SND	Reg.	
05/11/2012	CIMA11	1.000.000,000000	1.310,560000	-  	1.001.310,560000	Padrão - SND	Reg.	
04/11/2012	CIMA11	1.000.000,000000	1.310,560000	-  	1.001.310,560000	Padrão - SND	Reg.	
03/11/2012	CIMA11	1.000.000,000000	1.310,560000	-  	1.001.310,560000	Padrão - SND	Reg.	
02/11/2012	CIMA11	1.000.000,000000	1.310,560000	-  	1.001.310,560000	Padrão - SND	Reg.	
01/11/2012	CIMA11	1.000.000,000000	981,760000	-  	1.000.981,760000	Padrão - SND	Reg.	
31/10/2012	CIMA11	1.000.000,000000	653,950000	-  	1.000.653,950000	Padrão - SND	Reg.	
30/10/2012	CIMA11	1.000.000,000000	327,150000	-  	1.000.327,150000	Padrão - SND	Reg.	
29/10/2012	CIMA11	1.000.000,000000	0,000000	-  	1.000.000,000000	Padrão - SND	Reg.	
26/10/2012	CIMA11	1.000.000,000000	0,000000	-  	1.000.000,000000	Padrão - SND	Reg.	


Valores expressos em reais.
Os valores refletem a nossa interpretação da escritura de emissão, não implicando em aceitação de compromisso legal ou financeiro.